Data	Diária Do dia	Diária No ano	Acumulada Mês	Acumulada Ano	Acumulada  30 dias	Acumulada  12 meses	Acumulada Diária
03/01/2022	0,034749	9,15	0,0347	0,0347	0,7157	4,4599	100,0347490
04/01/2022	0,034749	9,15	0,0695	0,0695	0,7507	4,4884	100,0695101
05/01/2022	0,034749	9,15	0,1043	0,1043	0,7857	4,5169	100,1042832
06/01/2022	0,034749	9,15	0,1391	0,1391	0,7912	4,5454	100,1390685
07/01/2022	0,034749	9,15	0,1739	0,1739	0,7968	4,5739	100,1738658
10/01/2022	0,034749	9,15	0,2087	0,2087	0,7323	4,6025	100,2086752
11/01/2022	0,034749	9,15	0,2435	0,2435	0,7673	4,631	100,2434967
12/01/2022	0,034749	9,15	0,2783	0,2783	0,8023	4,6595	100,2783303
13/01/2022	0,034749	9,15	0,3132	0,3132	0,8023	4,6881	100,3131761
14/01/2022	0,034749	9,15	0,348	0,348	0,8023	4,7166	100,3480339
17/01/2022	0,034749	9,15	0,3829	0,3829	0,7323	4,7452	100,3829038
18/01/2022	0,034749	9,15	0,4178	0,4178	0,7673	4,7738	100,4177859
19/01/2022	0,034749	9,15	0,4527	0,4527	0,8023	4,8024	100,45268
20/01/2022	0,034749	9,15	0,4876	0,4876	0,8023	4,8309	100,4875863
21/01/2022	0,034749	9,15	0,5225	0,5225	0,6973	4,8595	100,5225048
24/01/2022	0,034749	9,15	0,5574	0,5574	0,7323	4,8881	100,5574353
25/01/2022	0,034749	9,15	0,5924	0,5924	0,7673	4,9168	100,592378
26/01/2022	0,034749	9,15	0,6273	0,6273	0,8023	4,9454	100,6273329
27/01/2022	0,034749	9,15	0,6623	0,6623	0,8023	4,974	100,6622999
28/01/2022	0,034749	9,15	0,6973	0,6973	0,8023	5,0026	100,697279
31/01/2022	0,034749	9,15	0,7323	0,7323	0,8023	5,0313	100,7322703
01/02/2022	0,034749	9,15	0,0347	0,7673	0,7673	5,0599	100,7672738
02/02/2022	0,034749	9,15	0,0695	0,8023	0,8023	5,0886	100,8022894
03/02/2022	0,040168	10,65	0,1097	0,8428	0,8078	5,123	100,8427797
04/02/2022	0,040168	10,65	0,1499	0,8833	0,8132	5,1573	100,8832862
07/02/2022	0,040168	10,65	0,1901	0,9238	0,7486	5,1917	100,923809
08/02/2022	0,040168	10,65	0,2304	0,9644	0,7891	5,2261	100,9643481
09/02/2022	0,040168	10,65	0,2706	1,0049	0,8296	5,2605	101,0049034
10/02/2022	0,040168	10,65	0,3109	1,0455	0,8351	5,2949	101,0454751
11/02/2022	0,040168	10,65	0,3512	1,0861	0,8405	5,3293	101,086063
14/02/2022	0,040168	10,65	0,3915	1,1267	0,7759	5,3638	101,1266673
15/02/2022	0,040168	10,65	0,4319	1,1673	0,8164	5,4061	101,1672878
16/02/2022	0,040168	10,65	0,4722	1,2079	0,8569	5,4484	101,2079247
17/02/2022	0,040168	10,65	0,5125	1,2486	0,8624	5,4829	101,2485779
18/02/2022	0,040168	10,65	0,5529	1,2892	0,8678	5,5174	101,2892474
21/02/2022	0,040168	10,65	0,5933	1,3299	0,8032	5,5519	101,3299333
22/02/2022	0,040168	10,65	0,6337	1,3706	0,8437	5,5864	101,3706355
23/02/2022	0,040168	10,65	0,6741	1,4114	0,8842	5,6209	101,4113541
24/02/2022	0,040168	10,65	0,7146	1,4521	0,8897	5,6555	101,452089
25/02/2022	0,040168	10,65	0,755	1,4928	0,8952	5,69	101,4928403
02/03/2022	0,040168	10,65	0,0402	1,5336	0,7255	5,7088	101,5336079
03/03/2022	0,040168	10,65	0,0804	1,5744	0,7255	5,7434	101,5743919
04/03/2022	0,040168	10,65	0,1206	1,6152	0,7255	5,7779	101,6151923
07/03/2022	0,040168	10,65	0,1608	1,656	0,7255	5,8125	101,6560091
08/03/2022	0,040168	10,65	0,201	1,6968	0,7255	5,8471	101,6968423
09/03/2022	0,040168	10,65	0,2412	1,7377	0,7255	5,8817	101,7376919
10/03/2022	0,040168	10,65	0,2815	1,7786	0,7255	5,9163	101,7785579
11/03/2022	0,040168	10,65	0,3218	1,8194	0,7255	5,951	101,8194403
14/03/2022	0,040168	10,65	0,3621	1,8603	0,7255	5,9856	101,8603391
15/03/2022	0,040168	10,65	0,4024	1,9012	0,7255	6,0203	101,9012544
16/03/2022	0,040168	10,65	0,4427	1,9422	0,7255	6,0549	101,9421861
17/03/2022	0,043739	11,65	0,4867	1,9868	0,7291	6,0934	101,9867746
18/03/2022	0,043739	11,65	0,5306	2,0314	0,7327	6,1288	102,0313826
21/03/2022	0,043739	11,65	0,5746	2,076	0,7363	6,1642	102,0760101
22/03/2022	0,043739	11,65	0,6186	2,1207	0,7399	6,1996	102,1206571
23/03/2022	0,043739	11,65	0,6626	2,1653	0,7435	6,235	102,1653237
24/03/2022	0,043739	11,65	0,7066	2,21	0,7471	6,2704	102,2100097
25/03/2022	0,043739	11,65	0,7507	2,2547	0,7507	6,3059	102,2547154
28/03/2022	0,043739	11,65	0,7947	2,2994	0,7947	6,3414	102,2994406
29/03/2022	0,043739	11,65	0,8388	2,3442	0,8388	6,3768	102,3441853
30/03/2022	0,043739	11,65	0,8829	2,3889	0,8829	6,4123	102,3889496
31/03/2022	0,043739	11,65	0,9271	2,4337	0,9271	6,4478	102,4337335
01/04/2022	0,043739	11,65	0,0437	2,4785	0,9712	6,4833	102,478537
04/04/2022	0,043739	11,65	0,0875	2,5234	0,8937	6,5299	102,5233601
05/04/2022	0,043739	11,65	0,1313	2,5682	0,9379	6,5654	102,5682028
06/04/2022	0,043739	11,65	0,1751	2,6131	0,982	6,601	102,6130651
07/04/2022	0,043739	11,65	0,2189	2,6579	0,9856	6,6365	102,6579471
08/04/2022	0,043739	11,65	0,2627	2,7028	0,9892	6,6721	102,7028486
11/04/2022	0,043739	11,65	0,3066	2,7478	0,9117	6,7077	102,7477698
12/04/2022	0,043739	11,65	0,3505	2,7927	0,9559	6,7433	102,7927107
13/04/2022	0,043739	11,65	0,3943	2,8377	1	6,7789	102,8376712
14/04/2022	0,043739	11,65	0,4383	2,8826	1,0036	6,8145	102,8826513
18/04/2022	0,043739	11,65	0,4822	2,9276	0,8784	6,839	102,9276512
19/04/2022	0,043739	11,65	0,5261	2,9727	0,9226	6,8747	102,9726707
20/04/2022	0,043739	11,65	0,5701	3,0177	0,9667	6,9103	103,0177099
22/04/2022	0,043739	11,65	0,6141	3,0628	0,9226	6,946	103,0627688
25/04/2022	0,043739	11,65	0,6581	3,1078	0,8343	6,9817	103,1078475
26/04/2022	0,043739	11,65	0,7021	3,1529	0,8784	7,0173	103,1529458
27/04/2022	0,043739	11,65	0,7462	3,1981	0,9226	7,053	103,1980639
28/04/2022	0,043739	11,65	0,7902	3,2432	0,9226	7,0887	103,2432017
29/04/2022	0,043739	11,65	0,8343	3,2884	0,9226	7,1245	103,2883592
02/05/2022	0,043739	11,65	0,0437	3,3335	0,8343	7,1602	103,3335365
03/05/2022	0,043739	11,65	0,0875	3,3787	0,8784	7,1959	103,3787336
04/05/2022	0,043739	11,65	0,1313	3,424	0,8784	7,2317	103,4239504
05/05/2022	0,047279	12,65	0,1786	3,4728	0,882	7,2713	103,4728482
06/05/2022	0,047279	12,65	0,226	3,5218	0,8856	7,3077	103,5217691
09/05/2022	0,047279	12,65	0,2734	3,5707	0,845	7,3442	103,5707132
10/05/2022	0,047279	12,65	0,3208	3,6197	0,8927	7,3807	103,6196804
11/05/2022	0,047279	12,65	0,3682	3,6687	0,8963	7,4173	103,6686707
12/05/2022	0,047279	12,65	0,4157	3,7177	0,8998	7,4538	103,7176842
13/05/2022	0,047279	12,65	0,4631	3,7667	0,9034	7,4903	103,7667209
16/05/2022	0,047279	12,65	0,5106	3,8158	0,907	7,5269	103,8157808
17/05/2022	0,047279	12,65	0,5582	3,8649	0,9547	7,5634	103,8648639
18/05/2022	0,047279	12,65	0,6057	3,914	0,9583	7,6	103,9139701
19/05/2022	0,047279	12,65	0,6533	3,9631	0,9618	7,6366	103,9630996
20/05/2022	0,047279	12,65	0,7009	4,0123	0,9654	7,6732	104,0122523
23/05/2022	0,047279	12,65	0,7485	4,0614	0,969	7,7098	104,0614283
24/05/2022	0,047279	12,65	0,7961	4,1106	1,0167	7,7465	104,1106275
25/05/2022	0,047279	12,65	0,8437	4,1599	1,0203	7,7831	104,1598499
26/05/2022	0,047279	12,65	0,8914	4,2091	1,0239	7,8198	104,2090957
27/05/2022	0,047279	12,65	0,9391	4,2584	1,0274	7,8564	104,2583647
30/05/2022	0,047279	12,65	0,9869	4,3077	0,9869	7,8931	104,307657
31/05/2022	0,047279	12,65	1,0346	4,357	1,0346	7,9298	104,3569726
01/06/2022	0,047279	12,65	0,0473	4,4063	1,0824	7,9665	104,4063116
02/06/2022	0,047279	12,65	0,0946	4,4557	1,0859	8,0032	104,4556738
03/06/2022	0,047279	12,65	0,1419	4,5051	1,0895	8,0543	104,5050594
06/06/2022	0,047279	12,65	0,1893	4,5545	0,9976	8,091	104,5544684
07/06/2022	0,047279	12,65	0,2366	4,6039	1,0453	8,1278	104,6039007
08/06/2022	0,047279	12,65	0,284	4,6534	1,0931	8,1645	104,6533563
09/06/2022	0,047279	12,65	0,3314	4,7028	1,0931	8,2013	104,7028354
10/06/2022	0,047279	12,65	0,3789	4,7523	1,0931	8,2381	104,7523379
13/06/2022	0,047279	12,65	0,4263	4,8019	0,9976	8,2749	104,8018637
14/06/2022	0,047279	12,65	0,4738	4,8514	1,0453	8,3117	104,851413
15/06/2022	0,047279	12,65	0,5213	4,901	1,0931	8,3486	104,9009857
17/06/2022	0,049037	13,15	0,5706	4,9524	1,0471	8,3698	104,952426
20/06/2022	0,049037	13,15	0,6199	5,0039	0,9534	8,4055	105,0038915
21/06/2022	0,049037	13,15	0,6693	5,0554	1,0029	8,4411	105,0553823
22/06/2022	0,049037	13,15	0,7186	5,1069	1,0524	8,4768	105,1068983
23/06/2022	0,049037	13,15	0,768	5,1585	1,0542	8,5125	105,1584395
24/06/2022	0,049037	13,15	0,8174	5,21	1,056	8,5482	105,2100061
27/06/2022	0,049037	13,15	0,8669	5,2616	0,9623	8,5839	105,2615979
28/06/2022	0,049037	13,15	0,9163	5,3132	1,0118	8,6196	105,313215
29/06/2022	0,049037	13,15	0,9658	5,3649	1,0613	8,6554	105,3648575
30/06/2022	0,049037	13,15	1,0153	5,4165	1,0631	8,6911	105,4165253
01/07/2022	0,049037	13,15	0,049	5,4682	1,0171	8,7268	105,4682184
04/07/2022	0,049037	13,15	0,0981	5,52	0,9711	8,7626	105,5199368
05/07/2022	0,049037	13,15	0,1472	5,5717	1,0206	8,7984	105,5716806
06/07/2022	0,049037	13,15	0,1963	5,6235	1,0224	8,8342	105,6234498
07/07/2022	0,049037	13,15	0,2454	5,6753	1,0242	8,87	105,6752444
08/07/2022	0,049037	13,15	0,2946	5,7271	1,026	8,9058	105,7270643
11/07/2022	0,049037	13,15	0,3438	5,7789	0,98	8,9416	105,7789097
12/07/2022	0,049037	13,15	0,393	5,8308	1,0295	8,9775	105,8307805
13/07/2022	0,049037	13,15	0,4422	5,8827	1,0313	9,0133	105,8826768
14/07/2022	0,049037	13,15	0,4915	5,9346	1,0331	9,0492	105,9345985
15/07/2022	0,049037	13,15	0,5407	5,9866	1,0349	9,085	105,9865456
18/07/2022	0,049037	13,15	0,59	6,0385	1,0349	9,1209	106,0385182
19/07/2022	0,049037	13,15	0,6394	6,0905	1,0844	9,1568	106,0905163
20/07/2022	0,049037	13,15	0,6887	6,1426	1,0844	9,1927	106,1425399
21/07/2022	0,049037	13,15	0,7381	6,1946	1,0844	9,2286	106,1945891
22/07/2022	0,049037	13,15	0,7875	6,2467	1,0844	9,2646	106,2466637
25/07/2022	0,049037	13,15	0,8369	6,2988	1,0349	9,3005	106,2987639
26/07/2022	0,049037	13,15	0,8864	6,3509	1,0844	9,3365	106,3508896
27/07/2022	0,049037	13,15	0,9358	6,4031	1,0844	9,3724	106,4030409
28/07/2022	0,049037	13,15	0,9853	6,4552	1,0844	9,4084	106,4552177
29/07/2022	0,049037	13,15	1,0349	6,5074	1,0844	9,4444	106,5074202
01/08/2022	0,049037	13,15	0,049	6,5597	1,0349	9,4804	106,5596482
02/08/2022	0,049037	13,15	0,0981	6,6119	1,0844	9,5164	106,6119019
03/08/2022	0,049037	13,15	0,1472	6,6642	1,134	9,5524	106,6641812
04/08/2022	0,050788	13,65	0,198	6,7184	1,1357	9,5904	106,7183538
05/08/2022	0,050788	13,65	0,2489	6,7726	1,1375	9,6242	106,7725539
08/08/2022	0,050788	13,65	0,2999	6,8268	1,0402	9,658	106,8267815
09/08/2022	0,050788	13,65	0,3508	6,8811	1,0915	9,6919	106,8810367
10/08/2022	0,050788	13,65	0,4018	6,9353	1,1428	9,7257	106,9353195
11/08/2022	0,050788	13,65	0,4527	6,9897	1,1446	9,7596	106,9896298
12/08/2022	0,050788	13,65	0,5038	7,044	1,1464	9,7934	107,0439677
15/08/2022	0,050788	13,65	0,5548	7,0984	1,049	9,8273	107,0983332
16/08/2022	0,050788	13,65	0,6059	7,1528	1,1003	9,8612	107,1527263
17/08/2022	0,050788	13,65	0,657	7,2072	1,1517	9,8951	107,207147
18/08/2022	0,050788	13,65	0,7081	7,2616	1,1534	9,929	107,2615953
19/08/2022	0,050788	13,65	0,7592	7,3161	1,1552	9,9629	107,3160714
22/08/2022	0,050788	13,65	0,8104	7,3706	1,0578	9,9968	107,3705751
23/08/2022	0,050788	13,65	0,8616	7,4251	1,1092	10,0308	107,4251064
24/08/2022	0,050788	13,65	0,9128	7,4797	1,1605	10,0647	107,4796655
25/08/2022	0,050788	13,65	0,9641	7,5343	1,1623	10,0987	107,5342523
26/08/2022	0,050788	13,65	1,0154	7,5889	1,1641	10,1326	107,5888668
29/08/2022	0,050788	13,65	1,0667	7,6435	1,0667	10,1666	107,643509
30/08/2022	0,050788	13,65	1,118	7,6982	1,118	10,2006	107,698179
31/08/2022	0,050788	13,65	1,1694	7,7529	1,1694	10,2346	107,7528767
01/09/2022	0,050788	13,65	0,0508	7,8076	1,1711	10,2686	107,8076023
02/09/2022	0,050788	13,65	0,1016	7,8624	1,1729	10,3026	107,8623556
05/09/2022	0,050788	13,65	0,1524	7,9172	1,072	10,3367	107,9171367
06/09/2022	0,050788	13,65	0,2033	7,972	1,1233	10,3707	107,9719457
08/09/2022	0,050788	13,65	0,2542	8,0268	1,1233	10,4048	108,0267825
09/09/2022	0,050788	13,65	0,3051	8,0817	1,1233	10,4388	108,0816471
12/09/2022	0,050788	13,65	0,3561	8,1366	1,0207	10,4729	108,1365396
13/09/2022	0,050788	13,65	0,407	8,1915	1,072	10,507	108,19146
14/09/2022	0,050788	13,65	0,458	8,2464	1,1233	10,5411	108,2464083
15/09/2022	0,050788	13,65	0,509	8,3014	1,1233	10,5752	108,3013845
16/09/2022	0,050788	13,65	0,5601	8,3564	1,1233	10,6093	108,3563886
19/09/2022	0,050788	13,65	0,6112	8,4114	1,0207	10,6434	108,4114206
20/09/2022	0,050788	13,65	0,6623	8,4665	1,072	10,6775	108,4664806
21/09/2022	0,050788	13,65	0,7134	8,5216	1,1233	10,7117	108,5215686
22/09/2022	0,050788	13,65	0,7645	8,5767	1,1233	10,7459	108,5766845
23/09/2022	0,050788	13,65	0,8157	8,6319	1,1233	10,7759	108,6318284
26/09/2022	0,050788	13,65	0,8669	8,687	1,0207	10,8059	108,6870004
27/09/2022	0,050788	13,65	0,9181	8,7422	1,072	10,8359	108,7422003
28/09/2022	0,050788	13,65	0,9694	8,7975	1,1233	10,8659	108,7974283
29/09/2022	0,050788	13,65	1,0207	8,8527	1,1233	10,896	108,8526843
30/09/2022	0,050788	13,65	1,072	8,908	1,1233	10,926	108,9079684
03/10/2022	0,050788	13,65	0,0508	8,9633	1,0207	10,9561	108,9632806
04/10/2022	0,050788	13,65	0,1016	9,0186	1,072	10,9861	109,0186209
05/10/2022	0,050788	13,65	0,1524	9,074	1,072	11,0162	109,0739893
06/10/2022	0,050788	13,65	0,2033	9,1294	1,072	11,0463	109,1293858
07/10/2022	0,050788	13,65	0,2542	9,1848	1,1233	11,0764	109,1848104
10/10/2022	0,050788	13,65	0,3051	9,2403	1,072	11,1065	109,2402632
11/10/2022	0,050788	13,65	0,3561	9,2958	1,1233	11,1366	109,2957441
13/10/2022	0,050788	13,65	0,407	9,3513	1,072	11,1667	109,3512532
14/10/2022	0,050788	13,65	0,458	9,4068	1,072	11,1968	109,4067906
17/10/2022	0,050788	13,65	0,509	9,4624	1,0207	11,2269	109,4623561
18/10/2022	0,050788	13,65	0,5601	9,518	1,072	11,2571	109,5179498
19/10/2022	0,050788	13,65	0,6112	9,5736	1,072	11,2872	109,5735718
20/10/2022	0,050788	13,65	0,6623	9,6293	1,072	11,3174	109,629222
21/10/2022	0,050788	13,65	0,7134	9,6849	1,072	11,3475	109,6849005
24/10/2022	0,050788	13,65	0,7645	9,7406	1,0207	11,3777	109,7406073
25/10/2022	0,050788	13,65	0,8157	9,7964	1,072	11,4079	109,7963423
26/10/2022	0,050788	13,65	0,8669	9,8521	1,072	11,4381	109,8521057
27/10/2022	0,050788	13,65	0,9181	9,9079	1,072	11,4683	109,9078974
28/10/2022	0,050788	13,65	0,9694	9,9637	1,072	11,4923	109,9637174
31/10/2022	0,050788	13,65	1,0207	10,0196	1,0207	11,5163	110,0195658
01/11/2022	0,050788	13,65	0,0508	10,0755	1,072	11,5403	110,0754425
03/11/2022	0,050788	13,65	0,1016	10,1314	1,072	11,5643	110,1313476
04/11/2022	0,050788	13,65	0,1524	10,1873	1,072	11,5883	110,1872811
07/11/2022	0,050788	13,65	0,2033	10,2433	0,9694	11,6123	110,2432431
08/11/2022	0,050788	13,65	0,2542	10,2993	1,0207	11,6363	110,2992334
09/11/2022	0,050788	13,65	0,3051	10,3553	1,072	11,6604	110,3552522
10/11/2022	0,050788	13,65	0,3561	10,4113	1,072	11,6844	110,4112994
11/11/2022	0,050788	13,65	0,407	10,4674	1,072	11,7084	110,4673751
14/11/2022	0,050788	13,65	0,458	10,5235	1,0207	11,7325	110,5234793
16/11/2022	0,050788	13,65	0,509	10,5796	1,072	11,7565	110,5796119
17/11/2022	0,050788	13,65	0,5601	10,6358	1,072	11,7806	110,6357731
18/11/2022	0,050788	13,65	0,6112	10,692	1,072	11,8046	110,6919628
21/11/2022	0,050788	13,65	0,6623	10,7482	0,9694	11,8287	110,748181
22/11/2022	0,050788	13,65	0,7134	10,8045	1,0207	11,8528	110,8044278
23/11/2022	0,050788	13,65	0,7645	10,8607	1,072	11,8769	110,8607032
24/11/2022	0,050788	13,65	0,8157	10,917	1,072	11,9009	110,9170071
25/11/2022	0,050788	13,65	0,8669	10,9734	1,072	11,925	110,9733396
28/11/2022	0,050788	13,65	0,9181	11,0297	0,9694	11,9491	111,0297008
29/11/2022	0,050788	13,65	0,9694	11,0861	1,0207	11,9732	111,0860905
30/11/2022	0,050788	13,65	1,0207	11,1425	1,072	11,9973	111,1425089
01/12/2022	0,050788	13,65	0,0508	11,199	1,0207	12,0214	111,198956
02/12/2022	0,050788	13,65	0,1016	11,2555	1,072	12,0455	111,2554317
05/12/2022	0,050788	13,65	0,1524	11,312	1,0207	12,0697	111,3119361
06/12/2022	0,050788	13,65	0,2033	11,3685	1,072	12,0938	111,3684692
07/12/2022	0,050788	13,65	0,2542	11,4251	1,072	12,1179	111,4250311
08/12/2022	0,050788	13,65	0,3051	11,4817	1,072	12,142	111,4816216
09/12/2022	0,050788	13,65	0,3561	11,5383	1,072	12,16	111,5382409
12/12/2022	0,050788	13,65	0,407	11,5949	1,0207	12,178	111,5948889
13/12/2022	0,050788	13,65	0,458	11,6516	1,072	12,196	111,6515657
14/12/2022	0,050788	13,65	0,509	11,7083	1,072	12,214	111,7082713
15/12/2022	0,050788	13,65	0,5601	11,765	1,1233	12,232	111,7650057
16/12/2022	0,050788	13,65	0,6112	11,8218	1,1233	12,25	111,8217689
19/12/2022	0,050788	13,65	0,6623	11,8786	1,072	12,268	111,878561
20/12/2022	0,050788	13,65	0,7134	11,9354	1,1233	12,286	111,9353819
21/12/2022	0,050788	13,65	0,7645	11,9923	1,1233	12,304	111,9922316
22/12/2022	0,050788	13,65	0,8157	12,0491	1,1233	12,322	112,0491102
23/12/2022	0,050788	13,65	0,8669	12,106	1,1233	12,34	112,1060177
26/12/2022	0,050788	13,65	0,9181	12,163	1,072	12,358	112,1629541
27/12/2022	0,050788	13,65	0,9694	12,22	1,1233	12,376	112,2199195
28/12/2022	0,050788	13,65	1,0207	12,2769	1,1233	12,394	112,2769137
29/12/2022	0,050788	13,65	1,072	12,334	1,1233	12,4121	112,3339369
30/12/2022	0,050788	13,65	1,1233	12,391	1,1233	12,4301	112,3909891
02/01/2023	0,050788	13,65	0,0508	0,0508	1,072	12,4481	112,4480702
03/01/2023	0,050788	13,65	0,1016	0,1016	1,1233	12,4661	112,5051803
04/01/2023	0,050788	13,65	0,1524	0,1524	1,1747	12,4842	112,5623195
05/01/2023	0,050788	13,65	0,2033	0,2033	1,1747	12,5022	112,6194876
06/01/2023	0,050788	13,65	0,2542	0,2542	1,1747	12,5202	112,6766848
09/01/2023	0,050788	13,65	0,3051	0,3051	1,072	12,5383	112,733911
10/01/2023	0,050788	13,65	0,3561	0,3561	1,1233	12,5563	112,7911663
11/01/2023	0,050788	13,65	0,407	0,407	1,1747	12,5744	112,8484507
12/01/2023	0,050788	13,65	0,458	0,458	1,1747	12,5924	112,9057642
13/01/2023	0,050788	13,65	0,509	0,509	1,1747	12,6105	112,9631068
16/01/2023	0,050788	13,65	0,5601	0,5601	1,072	12,6285	113,0204785
17/01/2023	0,050788	13,65	0,6112	0,6112	1,1233	12,6466	113,0778793
18/01/2023	0,050788	13,65	0,6623	0,6623	1,1233	12,6646	113,1353093
19/01/2023	0,050788	13,65	0,7134	0,7134	1,1747	12,6827	113,1927685
20/01/2023	0,050788	13,65	0,7645	0,7645	1,1747	12,7008	113,2502568
23/01/2023	0,050788	13,65	0,8157	0,8157	1,072	12,7188	113,3077743
24/01/2023	0,050788	13,65	0,8669	0,8669	1,1233	12,7369	113,3653211
25/01/2023	0,050788	13,65	0,9181	0,9181	1,1747	12,755	113,4228971
26/01/2023	0,050788	13,65	0,9694	0,9694	1,1747	12,7731	113,4805023
27/01/2023	0,050788	13,65	1,0207	1,0207	1,1747	12,7911	113,5381368
30/01/2023	0,050788	13,65	1,072	1,072	1,072	12,8092	113,5958005
31/01/2023	0,050788	13,65	1,1233	1,1233	1,1233	12,8273	113,6534936
01/02/2023	0,050788	13,65	0,0508	1,1747	1,1747	12,8454	113,7112159
02/02/2023	0,050788	13,65	0,1016	1,2261	1,1747	12,8635	113,7689675
03/02/2023	0,050788	13,65	0,1524	1,2775	1,1747	12,8755	113,8267485
06/02/2023	0,050788	13,65	0,2033	1,3289	1,072	12,8875	113,8845589
07/02/2023	0,050788	13,65	0,2542	1,3804	1,1233	12,8995	113,9423985
08/02/2023	0,050788	13,65	0,3051	1,4319	1,1747	12,9114	114,0002676
09/02/2023	0,050788	13,65	0,3561	1,4834	1,1747	12,9234	114,0581661
10/02/2023	0,050788	13,65	0,407	1,5349	1,1747	12,9354	114,1160939
13/02/2023	0,050788	13,65	0,458	1,5865	1,072	12,9474	114,1740512
14/02/2023	0,050788	13,65	0,509	1,6381	1,1233	12,9594	114,2320379
15/02/2023	0,050788	13,65	0,5601	1,6897	1,1747	12,9714	114,2900541
16/02/2023	0,050788	13,65	0,6112	1,7413	1,1747	12,9834	114,3480997
17/02/2023	0,050788	13,65	0,6623	1,793	1,1747	12,9954	114,4061748
22/02/2023	0,050788	13,65	0,7134	1,8447	1,072	12,9166	114,4642794
23/02/2023	0,050788	13,65	0,7645	1,8964	1,072	12,9286	114,5224136
24/02/2023	0,050788	13,65	0,8157	1,9482	1,072	12,9406	114,5805772
27/02/2023	0,050788	13,65	0,8669	2	0,9694	12,9526	114,6387704
28/02/2023	0,050788	13,65	0,9181	2,0518	1,0207	13,01	114,6969931
01/03/2023	0,050788	13,65	0,0508	2,1036	0,9181	13,0674	114,7552454
02/03/2023	0,050788	13,65	0,1016	2,1555	0,9181	13,0794	114,8135273
03/03/2023	0,050788	13,65	0,1524	2,2073	0,9181	13,0914	114,8718388
06/03/2023	0,050788	13,65	0,2033	2,2592	0,9181	13,1034	114,9301799
07/03/2023	0,050788	13,65	0,2542	2,3112	0,9181	13,1154	114,9885507
08/03/2023	0,050788	13,65	0,3051	2,3631	0,9181	13,1274	115,0469511
09/03/2023	0,050788	13,65	0,3561	2,4151	0,9181	13,1394	115,1053811
10/03/2023	0,050788	13,65	0,407	2,4671	0,9181	13,1514	115,1638408
13/03/2023	0,050788	13,65	0,458	2,5192	0,9181	13,1634	115,2223302
14/03/2023	0,050788	13,65	0,509	2,5713	0,9181	13,1754	115,2808494
15/03/2023	0,050788	13,65	0,5601	2,6234	0,9181	13,1875	115,3393982
16/03/2023	0,050788	13,65	0,6112	2,6755	0,9181	13,1995	115,3979768
17/03/2023	0,050788	13,65	0,6623	2,7276	0,9181	13,2075	115,4565851
20/03/2023	0,050788	13,65	0,7134	2,7798	0,9694	13,2154	115,5152232
21/03/2023	0,050788	13,65	0,7645	2,832	1,0207	13,2234	115,5738911
22/03/2023	0,050788	13,65	0,8157	2,8842	1,0207	13,2314	115,6325887
23/03/2023	0,050788	13,65	0,8669	2,9365	1,0207	13,2394	115,6913162
24/03/2023	0,050788	13,65	0,9181	2,9888	1,0207	13,2473	115,7500735
27/03/2023	0,050788	13,65	0,9694	3,0411	1,0207	13,2553	115,8088607
28/03/2023	0,050788	13,65	1,0207	3,0934	1,0207	13,2633	115,8676777
29/03/2023	0,050788	13,65	1,072	3,1457	1,072	13,2713	115,9265245
30/03/2023	0,050788	13,65	1,1233	3,1981	1,1233	13,2793	115,9854013
31/03/2023	0,050788	13,65	1,1747	3,2505	1,1747	13,2872	116,044308
03/04/2023	0,050788	13,65	0,0508	3,303	1,072	13,2952	116,1032445
04/04/2023	0,050788	13,65	0,1016	3,3555	1,1233	13,3032	116,1622111
05/04/2023	0,050788	13,65	0,1524	3,4079	1,1747	13,3112	116,2212075
06/04/2023	0,050788	13,65	0,2033	3,4605	1,1747	13,3192	116,280234
10/04/2023	0,050788	13,65	0,2542	3,513	1,0207	13,2776	116,3392904
11/04/2023	0,050788	13,65	0,3051	3,5656	1,072	13,2856	116,3983768
12/04/2023	0,050788	13,65	0,3561	3,6182	1,1233	13,2936	116,4574932
13/04/2023	0,050788	13,65	0,407	3,6708	1,1233	13,3016	116,5166396
14/04/2023	0,050788	13,65	0,458	3,7235	1,1233	13,3095	116,5758161
17/04/2023	0,050788	13,65	0,509	3,7761	1,0207	13,3671	116,6350226
18/04/2023	0,050788	13,65	0,5601	3,8288	1,072	13,3751	116,6942592
19/04/2023	0,050788	13,65	0,6112	3,8816	1,1233	13,3831	116,7535259
20/04/2023	0,050788	13,65	0,6623	3,9343	1,1233	13,391	116,8128226
24/04/2023	0,050788	13,65	0,7134	3,9871	0,9694	13,399	116,8721495
25/04/2023	0,050788	13,65	0,7645	4,0399	1,0207	13,407	116,9315066
26/04/2023	0,050788	13,65	0,8157	4,0928	1,072	13,415	116,9908937
27/04/2023	0,050788	13,65	0,8669	4,1456	1,072	13,423	117,0503111
28/04/2023	0,050788	13,65	0,9181	4,1985	1,072	13,431	117,1097586
02/05/2023	0,050788	13,65	0,0508	4,2515	0,9694	13,3894	117,1692363
03/05/2023	0,050788	13,65	0,1016	4,3044	0,9694	13,3974	117,2287442
04/05/2023	0,050788	13,65	0,1524	4,3574	0,9694	13,4054	117,2882823
05/05/2023	0,050788	13,65	0,2033	4,4104	0,9694	13,4094	117,3478507
08/05/2023	0,050788	13,65	0,2542	4,4634	0,9694	13,4133	117,4074493
09/05/2023	0,050788	13,65	0,3051	4,5165	1,0207	13,4173	117,4670782
10/05/2023	0,050788	13,65	0,3561	4,5695	1,0207	13,4213	117,5267374
11/05/2023	0,050788	13,65	0,407	4,6226	1,0207	13,4253	117,5864269
12/05/2023	0,050788	13,65	0,458	4,6758	1,0207	13,4292	117,6461467
15/05/2023	0,050788	13,65	0,509	4,7289	0,9694	13,4332	117,7058968
16/05/2023	0,050788	13,65	0,5601	4,7821	1,0207	13,4372	117,7656773
17/05/2023	0,050788	13,65	0,6112	4,8354	1,0207	13,4412	117,8254881
18/05/2023	0,050788	13,65	0,6623	4,8886	1,0207	13,4452	117,8853293
19/05/2023	0,050788	13,65	0,7134	4,9419	1,0207	13,4491	117,9452009
22/05/2023	0,050788	13,65	0,7645	4,9952	1,0207	13,4531	118,0051029
23/05/2023	0,050788	13,65	0,8157	5,0485	1,072	13,4571	118,0650354
24/05/2023	0,050788	13,65	0,8669	5,1018	1,072	13,4611	118,1249982
25/05/2023	0,050788	13,65	0,9181	5,1552	1,072	13,465	118,1849916
26/05/2023	0,050788	13,65	0,9694	5,2086	1,072	13,469	118,2450154
29/05/2023	0,050788	13,65	1,0207	5,2621	1,0207	13,473	118,3050696
30/05/2023	0,050788	13,65	1,072	5,3155	1,072	13,477	118,3651544
31/05/2023	0,050788	13,65	1,1233	5,369	1,1233	13,481	118,4252697
01/06/2023	0,050788	13,65	0,0508	5,4225	1,1747	13,4849	118,4854155
02/06/2023	0,050788	13,65	0,1016	5,4761	1,1747	13,4889	118,5455919
05/06/2023	0,050788	13,65	0,1524	5,5296	1,072	13,4929	118,6057988
06/06/2023	0,050788	13,65	0,2033	5,5832	1,1233	13,4969	118,6660364
07/06/2023	0,050788	13,65	0,2542	5,6369	1,1747	13,5009	118,7263045
09/06/2023	0,050788	13,65	0,3051	5,6905	1,1233	13,4512	118,7866032
12/06/2023	0,050788	13,65	0,3561	5,7442	1,0207	13,4552	118,8469325
13/06/2023	0,050788	13,65	0,407	5,7979	1,072	13,4592	118,9072925
14/06/2023	0,050788	13,65	0,458	5,8516	1,1233	13,4631	118,9676831
15/06/2023	0,050788	13,65	0,509	5,9054	1,1233	13,4671	119,0281044
16/06/2023	0,050788	13,65	0,5601	5,9592	1,1233	13,5248	119,0885564
19/06/2023	0,050788	13,65	0,6112	6,013	1,0207	13,5267	119,1490391
20/06/2023	0,050788	13,65	0,6623	6,0668	1,072	13,5287	119,2095525
21/06/2023	0,050788	13,65	0,7134	6,1207	1,1233	13,5307	119,2700967
22/06/2023	0,050788	13,65	0,7645	6,1746	1,1233	13,5327	119,3306716
23/06/2023	0,050788	13,65	0,8157	6,2285	1,1233	13,5347	119,3912773
26/06/2023	0,050788	13,65	0,8669	6,2825	1,0207	13,5367	119,4519137
27/06/2023	0,050788	13,65	0,9181	6,3364	1,072	13,5387	119,5125809
28/06/2023	0,050788	13,65	0,9694	6,3905	1,1233	13,5406	119,573279
29/06/2023	0,050788	13,65	1,0207	6,4445	1,1233	13,5426	119,6340079
30/06/2023	0,050788	13,65	1,072	6,4985	1,1233	13,5446	119,6947676
03/07/2023	0,050788	13,65	0,0508	6,5526	1,0207	13,5466	119,7555582
04/07/2023	0,050788	13,65	0,1016	6,6068	1,072	13,5486	119,8163796
05/07/2023	0,050788	13,65	0,1524	6,6609	1,072	13,5506	119,877232
06/07/2023	0,050788	13,65	0,2033	6,7151	1,072	13,5526	119,9381152
07/07/2023	0,050788	13,65	0,2542	6,7693	1,072	13,5546	119,9990294
10/07/2023	0,050788	13,65	0,3051	6,8235	1,072	13,5565	120,0599745
11/07/2023	0,050788	13,65	0,3561	6,8777	1,1233	13,5585	120,1209505
12/07/2023	0,050788	13,65	0,407	6,932	1,1233	13,5605	120,1819576
13/07/2023	0,050788	13,65	0,458	6,9863	1,1233	13,5625	120,2429956
14/07/2023	0,050788	13,65	0,509	7,0407	1,1233	13,5645	120,3040646
17/07/2023	0,050788	13,65	0,5601	7,095	1,072	13,5665	120,3651646
18/07/2023	0,050788	13,65	0,6112	7,1494	1,1233	13,5685	120,4262957
19/07/2023	0,050788	13,65	0,6623	7,2038	1,1233	13,5704	120,4874578
20/07/2023	0,050788	13,65	0,7134	7,2583	1,1233	13,5724	120,548651
21/07/2023	0,050788	13,65	0,7645	7,3128	1,1233	13,5744	120,6098752
24/07/2023	0,050788	13,65	0,8157	7,3673	1,072	13,5764	120,6711305
25/07/2023	0,050788	13,65	0,8669	7,4218	1,1233	13,5784	120,732417
26/07/2023	0,050788	13,65	0,9181	7,4764	1,1233	13,5804	120,7937346
27/07/2023	0,050788	13,65	0,9694	7,5309	1,1233	13,5824	120,8550833
28/07/2023	0,050788	13,65	1,0207	7,5856	1,1233	13,5844	120,9164632
31/07/2023	0,050788	13,65	1,072	7,6402	1,072	13,5863	120,9778742
01/08/2023	0,050788	13,65	0,0508	7,6949	1,1233	13,5883	121,0393165
02/08/2023	0,050788	13,65	0,1016	7,7496	1,1747	13,5903	121,1007899
03/08/2023	0,049037	13,15	0,1507	7,8024	1,1729	13,5903	121,1601741
04/08/2023	0,049037	13,15	0,1998	7,8553	1,1711	13,5883	121,2195874
07/08/2023	0,049037	13,15	0,2489	7,9082	1,0667	13,5863	121,2790299
08/08/2023	0,049037	13,15	0,2981	7,9611	1,1162	13,5844	121,3385015
09/08/2023	0,049037	13,15	0,3473	8,014	1,1658	13,5824	121,3980022
10/08/2023	0,049037	13,15	0,3965	8,067	1,1641	13,5804	121,4575322
11/08/2023	0,049037	13,15	0,4457	8,12	1,1623	13,5784	121,5170913
14/08/2023	0,049037	13,15	0,495	8,173	1,0578	13,5764	121,5766796
15/08/2023	0,049037	13,15	0,5443	8,226	1,1074	13,5744	121,6362972
16/08/2023	0,049037	13,15	0,5936	8,2791	1,157	13,5724	121,695944
17/08/2023	0,049037	13,15	0,6429	8,3322	1,1552	13,5704	121,75562
18/08/2023	0,049037	13,15	0,6922	8,3853	1,1534	13,5685	121,8153253
21/08/2023	0,049037	13,15	0,7416	8,4385	1,049	13,5665	121,8750599
22/08/2023	0,049037	13,15	0,791	8,4917	1,0985	13,5645	121,9348238
23/08/2023	0,049037	13,15	0,8404	8,5449	1,1481	13,5625	121,994617
24/08/2023	0,049037	13,15	0,8899	8,5981	1,1464	13,5605	122,0544395
25/08/2023	0,049037	13,15	0,9394	8,6513	1,1446	13,5585	122,1142913
28/08/2023	0,049037	13,15	0,9889	8,7046	1,0402	13,5565	122,1741725
29/08/2023	0,049037	13,15	1,0384	8,7579	1,0897	13,5546	122,234083
30/08/2023	0,049037	13,15	1,0879	8,8113	1,1393	13,5526	122,294023
31/08/2023	0,049037	13,15	1,1375	8,8646	1,1375	13,5506	122,3539923
01/09/2023	0,049037	13,15	0,049	8,918	1,1357	13,5486	122,413991
04/09/2023	0,049037	13,15	0,0981	8,9714	1,0349	13,5466	122,4740192
05/09/2023	0,049037	13,15	0,1472	9,0248	1,0844	13,5446	122,5340768
06/09/2023	0,049037	13,15	0,1963	9,0783	1,134	13,5426	122,5941638
08/09/2023	0,049037	13,15	0,2454	9,1318	1,0844	13,5406	122,6542803
11/09/2023	0,049037	13,15	0,2946	9,1853	0,9853	13,5387	122,7144263
12/09/2023	0,049037	13,15	0,3438	9,2389	1,0349	13,5367	122,7746017
13/09/2023	0,049037	13,15	0,393	9,2924	1,0844	13,5347	122,8348067
14/09/2023	0,049037	13,15	0,4422	9,346	1,0844	13,5327	122,8950412
15/09/2023	0,049037	13,15	0,4915	9,3996	1,0844	13,5307	122,9553053
18/09/2023	0,049037	13,15	0,5407	9,4533	0,9853	13,5287	123,0155989
19/09/2023	0,049037	13,15	0,59	9,507	1,0349	13,5267	123,075922
20/09/2023	0,049037	13,15	0,6394	9,5607	1,0844	13,5248	123,1362748
21/09/2023	0,047279	12,65	0,6869	9,6125	1,0826	13,5208	123,1944924
22/09/2023	0,047279	12,65	0,7346	9,6643	1,0808	13,5168	123,2527375
25/09/2023	0,047279	12,65	0,7822	9,7161	0,98	13,5128	123,3110101
26/09/2023	0,047279	12,65	0,8298	9,768	1,0278	13,5088	123,3693104
27/09/2023	0,047279	12,65	0,8775	9,8199	1,0755	13,5048	123,4276381
28/09/2023	0,047279	12,65	0,9252	9,8718	1,0737	13,5009	123,4859935
29/09/2023	0,047279	12,65	0,9729	9,9238	1,072	13,4969	123,5443764
02/10/2023	0,047279	12,65	0,0473	9,9757	0,9711	13,4929	123,602787
03/10/2023	0,047279	12,65	0,0946	10,0277	1,0189	13,4889	123,6612251
04/10/2023	0,047279	12,65	0,1419	10,0798	1,0171	13,4849	123,7196909
05/10/2023	0,047279	12,65	0,1893	10,1318	1,0153	13,481	123,7781844
06/10/2023	0,047279	12,65	0,2366	10,1839	1,0135	13,477	123,8367054
09/10/2023	0,047279	12,65	0,284	10,236	1,0118	13,473	123,8952542
10/10/2023	0,047279	12,65	0,3314	10,2881	1,0595	13,469	123,9538306
11/10/2023	0,047279	12,65	0,3789	10,3402	1,0578	13,465	124,0124348
13/10/2023	0,047279	12,65	0,4263	10,3924	1,0064	13,4611	124,0710666
16/10/2023	0,047279	12,65	0,4738	10,4446	0,9552	13,4571	124,1297262
17/10/2023	0,047279	12,65	0,5213	10,4968	1,0029	13,4531	124,1884135
18/10/2023	0,047279	12,65	0,5688	10,549	1,0011	13,4491	124,2471285
19/10/2023	0,047279	12,65	0,6164	10,6013	0,9993	13,4452	124,3058713
20/10/2023	0,047279	12,65	0,6639	10,6536	0,9976	13,4412	124,3646419
23/10/2023	0,047279	12,65	0,7115	10,7059	0,9498	13,4372	124,4234402
24/10/2023	0,047279	12,65	0,7592	10,7583	0,9976	13,4332	124,4822664
25/10/2023	0,047279	12,65	0,8068	10,8106	0,9976	13,4292	124,5411204
26/10/2023	0,047279	12,65	0,8545	10,863	0,9976	13,4253	124,6000022
27/10/2023	0,047279	12,65	0,9021	10,9154	0,9976	13,4213	124,6589118
30/10/2023	0,047279	12,65	0,9498	10,9679	0,9498	13,4173	124,7178493
31/10/2023	0,047279	12,65	0,9976	11,0203	0,9976	13,4133	124,7768146
01/11/2023	0,047279	12,65	0,0473	11,0728	1,0453	13,4094	124,8358079
03/11/2023	0,045513	12,15	0,0928	11,1234	0,9958	13,4034	124,8926244
06/11/2023	0,045513	12,15	0,1384	11,174	0,8986	13,3974	124,9494668
07/11/2023	0,045513	12,15	0,1839	11,2245	0,9445	13,3914	125,006335
08/11/2023	0,045513	12,15	0,2295	11,2752	0,9904	13,3854	125,0632291
09/11/2023	0,045513	12,15	0,2752	11,3258	0,9887	13,3795	125,1201492
10/11/2023	0,045513	12,15	0,3208	11,3765	0,9869	13,3735	125,1770951
13/11/2023	0,045513	12,15	0,3665	11,4272	0,9374	13,3675	125,234067
14/11/2023	0,045513	12,15	0,4121	11,4779	0,9833	13,3615	125,2910647
16/11/2023	0,045513	12,15	0,4578	11,5286	0,9815	13,3556	125,3480885
17/11/2023	0,045513	12,15	0,5036	11,5794	0,9797	13,3496	125,4051381
20/11/2023	0,045513	12,15	0,5493	11,6302	0,8825	13,3436	125,4622138
21/11/2023	0,045513	12,15	0,5951	11,681	0,9285	13,3376	125,5193154
22/11/2023	0,045513	12,15	0,6408	11,7318	0,9744	13,3316	125,576443
23/11/2023	0,045513	12,15	0,6867	11,7827	0,9726	13,3257	125,6335966
24/11/2023	0,045513	12,15	0,7325	11,8335	0,9708	13,3197	125,6907762
27/11/2023	0,045513	12,15	0,7783	11,8844	0,8736	13,3137	125,7479819
28/11/2023	0,045513	12,15	0,8242	11,9354	0,9196	13,3077	125,8052136
29/11/2023	0,045513	12,15	0,8701	11,9863	0,9655	13,3018	125,8624713
30/11/2023	0,045513	12,15	0,916	12,0373	0,9637	13,2958	125,9197551
01/12/2023	0,045513	12,15	0,0455	12,0883	0,9142	13,2898	125,9770649
04/12/2023	0,045513	12,15	0,091	12,1393	0,9142	13,2839	126,0344009
05/12/2023	0,045513	12,15	0,1366	12,1903	0,9601	13,2779	126,0917629
06/12/2023	0,045513	12,15	0,1822	12,2414	0,9601	13,2719	126,149151
07/12/2023	0,045513	12,15	0,2278	12,2925	0,9601	13,2659	126,2065653
08/12/2023	0,045513	12,15	0,2734	12,3436	0,9601	13,26	126,2640057
11/12/2023	0,045513	12,15	0,319	12,3947	0,9142	13,254	126,3214722
12/12/2023	0,045513	12,15	0,3647	12,4459	0,9601	13,248	126,3789649
13/12/2023	0,045513	12,15	0,4104	12,497	0,9601	13,2421	126,4364838
14/12/2023	0,043739	11,65	0,4543	12,5462	0,9583	13,2341	126,4917858
15/12/2023	0,043739	11,65	0,4982	12,5955	1,0025	13,2261	126,5471121
18/12/2023	0,043739	11,65	0,5422	12,6447	0,9548	13,2181	126,6024625
19/12/2023	0,043739	11,65	0,5862	12,694	0,9989	13,2101	126,6578372
20/12/2023	0,043739	11,65	0,6302	12,7433	0,9971	13,2022	126,713236
21/12/2023	0,043739	11,65	0,6742	12,7926	0,9953	13,1942	126,7686592
22/12/2023	0,043739	11,65	0,7182	12,8419	0,9936	13,1862	126,8241065
26/12/2023	0,043739	11,65	0,7623	12,8913	0,9458	13,1208	126,8795781
27/12/2023	0,043739	11,65	0,8063	12,9407	0,944	13,1128	126,935074
28/12/2023	0,043739	11,65	0,8504	12,9901	0,9422	13,1049	126,9905941
29/12/2023	0,043739	11,65	0,8945	13,0395	0,9404	13,0969	127,0461385
02/01/2024	0,043739	11,65	0,0437	0,0437	0,8927	13,0315	127,1017072
03/01/2024	0,043739	11,65	0,0875	0,0875	0,9369	13,0235	127,1573002
04/01/2024	0,043739	11,65	0,1313	0,1313	0,9351	13,0156	127,2129176
05/01/2024	0,043739	11,65	0,1751	0,1751	0,9333	13,0076	127,2685592
08/01/2024	0,043739	11,65	0,2189	0,2189	0,8397	12,9997	127,3242252
09/01/2024	0,043739	11,65	0,2627	0,2627	0,8838	12,9917	127,3799156
10/01/2024	0,043739	11,65	0,3066	0,3066	0,9279	12,9837	127,4356303
11/01/2024	0,043739	11,65	0,3505	0,3505	0,9261	12,9758	127,4913693
12/01/2024	0,043739	11,65	0,3943	0,3943	0,9243	12,9678	127,5471328
15/01/2024	0,043739	11,65	0,4383	0,4383	0,8343	12,9599	127,6029206
16/01/2024	0,043739	11,65	0,4822	0,4822	0,8784	12,9519	127,6587329
17/01/2024	0,043739	11,65	0,5261	0,5261	0,9226	12,9439	127,7145695
18/01/2024	0,043739	11,65	0,5701	0,5701	0,9226	12,936	127,7704306
19/01/2024	0,043739	11,65	0,6141	0,6141	0,9226	12,928	127,8263161
22/01/2024	0,043739	11,65	0,6581	0,6581	0,8343	12,9201	127,882226
23/01/2024	0,043739	11,65	0,7021	0,7021	0,8784	12,9121	127,9381605
24/01/2024	0,043739	11,65	0,7462	0,7462	0,9226	12,9042	127,9941193
25/01/2024	0,043739	11,65	0,7902	0,7902	0,9667	12,8962	128,0501027
26/01/2024	0,043739	11,65	0,8343	0,8343	0,9667	12,8883	128,1061105
29/01/2024	0,043739	11,65	0,8784	0,8784	0,8784	12,8803	128,1621428
30/01/2024	0,043739	11,65	0,9226	0,9226	0,9226	12,8724	128,2181997
31/01/2024	0,043739	11,65	0,9667	0,9667	0,9667	12,8644	128,274281
01/02/2024	0,041957	11,15	0,042	1,0091	1,0091	12,8544	128,3281011
02/02/2024	0,041957	11,15	0,0839	1,0514	1,0073	12,8445	128,3819437
05/02/2024	0,041957	11,15	0,1259	1,0938	0,9172	12,8345	128,4358089
06/02/2024	0,041957	11,15	0,1679	1,1363	0,9595	12,8246	128,4896967
07/02/2024	0,041957	11,15	0,21	1,1787	1,0019	12,8146	128,5436071
08/02/2024	0,041957	11,15	0,252	1,2211	1,0001	12,8046	128,5975402
09/02/2024	0,041957	11,15	0,2941	1,2636	0,9983	12,7947	128,6514959
14/02/2024	0,041957	11,15	0,3362	1,3061	0,9082	12,6703	128,7054742
15/02/2024	0,041957	11,15	0,3783	1,3486	0,9064	12,6603	128,7594751
16/02/2024	0,041957	11,15	0,4204	1,3911	0,9046	12,6504	128,8134987
19/02/2024	0,041957	11,15	0,4625	1,4337	0,8146	12,6404	128,867545
20/02/2024	0,041957	11,15	0,5047	1,4762	0,8569	12,6877	128,921614
21/02/2024	0,041957	11,15	0,5468	1,5188	0,8992	12,735	128,9757056
22/02/2024	0,041957	11,15	0,589	1,5614	0,8974	12,725	129,0298199
23/02/2024	0,041957	11,15	0,6312	1,604	0,8956	12,7151	129,083957
26/02/2024	0,041957	11,15	0,6734	1,6466	0,8056	12,7051	129,1381167
27/02/2024	0,041957	11,15	0,7157	1,6893	0,8479	12,6952	129,1922992
28/02/2024	0,041957	11,15	0,7579	1,732	0,8902	12,6852	129,2465044
29/02/2024	0,041957	11,15	0,8002	1,7746	0,8884	12,7325	129,3007324
01/03/2024	0,041957	11,15	0,042	1,8173	0,8002	12,7226	129,3549831
04/03/2024	0,041957	11,15	0,0839	1,8601	0,8002	12,6554	129,4092566
05/03/2024	0,041957	11,15	0,1259	1,9028	0,8002	12,7027	129,4635528
06/03/2024	0,041957	11,15	0,1679	1,9456	0,8002	12,6927	129,5178718
07/03/2024	0,041957	11,15	0,21	1,9883	0,8002	12,6828	129,5722136
08/03/2024	0,041957	11,15	0,252	2,0311	0,8002	12,6728	129,6265783
11/03/2024	0,041957	11,15	0,2941	2,0739	0,8002	12,6057	129,6809657
12/03/2024	0,041957	11,15	0,3362	2,1168	0,8425	12,6529	129,7353759
13/03/2024	0,041957	11,15	0,3783	2,1596	0,8848	12,643	129,789809
14/03/2024	0,041957	11,15	0,4204	2,2025	0,8848	12,633	129,8442649
15/03/2024	0,041957	11,15	0,4625	2,2453	0,8848	12,6231	129,8987437
18/03/2024	0,041957	11,15	0,5047	2,2882	0,8848	12,556	129,9532453
19/03/2024	0,041957	11,15	0,5468	2,3312	0,8848	12,6032	130,0077698
20/03/2024	0,041957	11,15	0,589	2,3741	0,8848	12,5933	130,0623171
21/03/2024	0,040168	10,65	0,6294	2,4152	0,883	12,5813	130,1145606
22/03/2024	0,040168	10,65	0,6698	2,4564	0,8812	12,5694	130,166825
25/03/2024	0,040168	10,65	0,7103	2,4975	0,8794	12,5003	130,2191104
26/03/2024	0,040168	10,65	0,7507	2,5387	0,8776	12,5455	130,2714168
27/03/2024	0,040168	10,65	0,7912	2,5799	0,8758	12,5335	130,3237442
28/03/2024	0,040168	10,65	0,8317	2,6211	0,874	12,5216	130,3760927
01/04/2024	0,040168	10,65	0,0402	2,6623	0,8299	12,3955	130,4284621
02/04/2024	0,040168	10,65	0,0804	2,7035	0,8704	12,4406	130,4808526
03/04/2024	0,040168	10,65	0,1206	2,7448	0,9109	12,4287	130,5332642
04/04/2024	0,040168	10,65	0,1608	2,7861	0,9091	12,4167	130,5856968
05/04/2024	0,040168	10,65	0,201	2,8273	0,9073	12,4048	130,6381504
08/04/2024	0,040168	10,65	0,2412	2,8686	0,8209	12,3929	130,6906252
09/04/2024	0,040168	10,65	0,2815	2,91	0,8614	12,438	130,743121
10/04/2024	0,040168	10,65	0,3218	2,9513	0,9019	12,4261	130,7956379
11/04/2024	0,040168	10,65	0,3621	2,9927	0,9001	12,4141	130,8481759
12/04/2024	0,040168	10,65	0,4024	3,034	0,8983	12,4022	130,900735
15/04/2024	0,040168	10,65	0,4427	3,0754	0,8118	12,3332	130,9533152
16/04/2024	0,040168	10,65	0,4831	3,1168	0,8523	12,3783	131,0059165
17/04/2024	0,040168	10,65	0,5234	3,1582	0,8928	12,3664	131,058539
18/04/2024	0,040168	10,65	0,5638	3,1997	0,891	12,3545	131,1111826
19/04/2024	0,040168	10,65	0,6042	3,2411	0,8892	12,3426	131,1638473
22/04/2024	0,040168	10,65	0,6446	3,2826	0,8064	12,3306	131,2165332
23/04/2024	0,040168	10,65	0,685	3,3241	0,8469	12,3758	131,2692403
24/04/2024	0,040168	10,65	0,7255	3,3656	0,8874	12,3638	131,3219685
25/04/2024	0,040168	10,65	0,7659	3,4071	0,9279	12,3519	131,3747179
26/04/2024	0,040168	10,65	0,8064	3,4486	0,8874	12,34	131,4274885
29/04/2024	0,040168	10,65	0,8469	3,4902	0,8469	12,271	131,4802803
30/04/2024	0,040168	10,65	0,8874	3,5318	0,8874	12,3161	131,5330933
02/05/2024	0,040168	10,65	0,0402	3,5733	0,8469	12,3042	131,5859275
03/05/2024	0,040168	10,65	0,0804	3,6149	0,8469	12,2923	131,6387829
06/05/2024	0,040168	10,65	0,1206	3,6566	0,8064	12,2234	131,6916596
07/05/2024	0,040168	10,65	0,1608	3,6982	0,8469	12,2684	131,7445575
08/05/2024	0,040168	10,65	0,201	3,7399	0,8469	12,2565	131,7974767
09/05/2024	0,03927	10,4	0,2403	3,7806	0,846	12,2436	131,8492335
10/05/2024	0,03927	10,4	0,2797	3,8213	0,8451	12,2307	131,9010107
13/05/2024	0,03927	10,4	0,3191	3,8621	0,8037	12,1608	131,9528082
14/05/2024	0,03927	10,4	0,3585	3,9029	0,8433	12,2048	132,0046261
15/05/2024	0,03927	10,4	0,3979	3,9437	0,8424	12,1919	132,0564643
16/05/2024	0,03927	10,4	0,4373	3,9845	0,8415	12,179	132,1083229
17/05/2024	0,03927	10,4	0,4768	4,0254	0,8406	12,1661	132,1602018
20/05/2024	0,03927	10,4	0,5162	4,0662	0,7992	12,0962	132,2121011
21/05/2024	0,03927	10,4	0,5557	4,1071	0,8388	12,1403	132,2640208
22/05/2024	0,03927	10,4	0,5952	4,148	0,8379	12,1274	132,3159609
23/05/2024	0,03927	10,4	0,6347	4,1889	0,837	12,1144	132,3679214
24/05/2024	0,03927	10,4	0,6742	4,2298	0,8361	12,1015	132,4199023
27/05/2024	0,03927	10,4	0,7137	4,2707	0,7947	12,0317	132,4719036
28/05/2024	0,03927	10,4	0,7533	4,3116	0,8342	12,0757	132,5239253
29/05/2024	0,03927	10,4	0,7929	4,3526	0,8333	12,0628	132,5759674
31/05/2024	0,03927	10,4	0,8324	4,3936	0,8324	11,993	132,62803
03/06/2024	0,03927	10,4	0,0393	4,4346	0,791	11,9233	132,6801131
04/06/2024	0,03927	10,4	0,0786	4,4756	0,8306	11,9673	132,7322165
05/06/2024	0,03927	10,4	0,1179	4,5166	0,8702	11,9544	132,7843405
06/06/2024	0,03927	10,4	0,1572	4,5577	0,8693	11,9415	132,8364849
07/06/2024	0,03927	10,4	0,1965	4,5987	0,8684	11,9286	132,8886498
10/06/2024	0,03927	10,4	0,2358	4,6398	0,7883	11,9157	132,9408351
11/06/2024	0,03927	10,4	0,2752	4,6809	0,8279	11,9597	132,993041
12/06/2024	0,03927	10,4	0,3146	4,722	0,8675	11,9468	133,0452674
13/06/2024	0,03927	10,4	0,354	4,7631	0,8675	11,9339	133,0975143
14/06/2024	0,03927	10,4	0,3934	4,8043	0,8675	11,921	133,1497816
17/06/2024	0,03927	10,4	0,4328	4,8454	0,7883	11,8513	133,2020696
18/06/2024	0,03927	10,4	0,4723	4,8866	0,8279	11,8952	133,254378
19/06/2024	0,03927	10,4	0,5117	4,9278	0,8675	11,8823	133,306707
20/06/2024	0,03927	10,4	0,5512	4,969	0,8675	11,8695	133,3590566
21/06/2024	0,03927	10,4	0,5907	5,0102	0,8675	11,8566	133,4114267
24/06/2024	0,03927	10,4	0,6302	5,0514	0,7883	11,7869	133,4638173
25/06/2024	0,03927	10,4	0,6697	5,0927	0,8279	11,8308	133,5162286
26/06/2024	0,03927	10,4	0,7092	5,134	0,8675	11,818	133,5686604
27/06/2024	0,03927	10,4	0,7488	5,1753	0,8675	11,8051	133,6211128
28/06/2024	0,03927	10,4	0,7883	5,2166	0,8675	11,7922	133,6735858
01/07/2024	0,03927	10,4	0,0393	5,2579	0,8279	11,7226	133,7260794
02/07/2024	0,03927	10,4	0,0786	5,2992	0,8675	11,7665	133,7785937
03/07/2024	0,03927	10,4	0,1179	5,3406	0,8675	11,7536	133,8311285
04/07/2024	0,03927	10,4	0,1572	5,3819	0,8675	11,7407	133,883684
05/07/2024	0,03927	10,4	0,1965	5,4233	0,8675	11,7279	133,9362601
08/07/2024	0,03927	10,4	0,2358	5,4647	0,8279	11,6583	133,9888569
09/07/2024	0,03927	10,4	0,2752	5,5061	0,8675	11,7022	134,0414743
10/07/2024	0,03927	10,4	0,3146	5,5476	0,8675	11,6893	134,0941124
11/07/2024	0,03927	10,4	0,354	5,589	0,8675	11,6764	134,1467712
12/07/2024	0,03927	10,4	0,3934	5,6305	0,8675	11,6636	134,1994506
15/07/2024	0,03927	10,4	0,4328	5,6719	0,8279	11,594	134,2521507
16/07/2024	0,03927	10,4	0,4723	5,7134	0,8675	11,6379	134,3048715
17/07/2024	0,03927	10,4	0,5117	5,755	0,8675	11,625	134,3576131
18/07/2024	0,03927	10,4	0,5512	5,7965	0,8675	11,6122	134,4103753
19/07/2024	0,03927	10,4	0,5907	5,838	0,8675	11,5993	134,4631583
22/07/2024	0,03927	10,4	0,6302	5,8796	0,8279	11,5298	134,5159619
23/07/2024	0,03927	10,4	0,6697	5,9212	0,8675	11,5736	134,5687864
24/07/2024	0,03927	10,4	0,7092	5,9628	0,8675	11,5608	134,6216315
25/07/2024	0,03927	10,4	0,7488	6,0044	0,8675	11,5479	134,6744974
26/07/2024	0,03927	10,4	0,7883	6,046	0,8675	11,5351	134,7273841
29/07/2024	0,03927	10,4	0,8279	6,0877	0,8279	11,4656	134,7802916
30/07/2024	0,03927	10,4	0,8675	6,1293	0,8675	11,5094	134,8332198
31/07/2024	0,03927	10,4	0,9071	6,171	0,9071	11,4966	134,8861688
01/08/2024	0,03927	10,4	0,0393	6,2127	0,9071	11,4837	134,9391386
02/08/2024	0,03927	10,4	0,0786	6,2544	0,9071	11,4709	134,9921292
05/08/2024	0,03927	10,4	0,1179	6,2961	0,8279	11,4054	135,0451406
06/08/2024	0,03927	10,4	0,1572	6,3379	0,8675	11,4491	135,0981728
07/08/2024	0,03927	10,4	0,1965	6,3796	0,9071	11,4383	135,1512259
08/08/2024	0,03927	10,4	0,2358	6,4214	0,9071	11,4274	135,2042997
09/08/2024	0,03927	10,4	0,2752	6,4632	0,9071	11,4165	135,2573945
12/08/2024	0,03927	10,4	0,3146	6,505	0,8279	11,351	135,3105101
13/08/2024	0,03927	10,4	0,354	6,5468	0,8675	11,3947	135,3636465
14/08/2024	0,03927	10,4	0,3934	6,5887	0,9071	11,3839	135,4168038
15/08/2024	0,03927	10,4	0,4328	6,6305	0,9071	11,373	135,469982
16/08/2024	0,03927	10,4	0,4723	6,6724	0,9071	11,3621	135,523181
19/08/2024	0,03927	10,4	0,5117	6,7143	0,8279	11,2967	135,576401
20/08/2024	0,03927	10,4	0,5512	6,7562	0,8675	11,3404	135,6296418
21/08/2024	0,03927	10,4	0,5907	6,7981	0,9071	11,3295	135,6829036
22/08/2024	0,03927	10,4	0,6302	6,84	0,9071	11,3186	135,7361863
23/08/2024	0,03927	10,4	0,6697	6,882	0,9071	11,3078	135,7894899
26/08/2024	0,03927	10,4	0,7092	6,924	0,8279	11,2423	135,8428144
27/08/2024	0,03927	10,4	0,7488	6,966	0,8675	11,286	135,8961599
28/08/2024	0,03927	10,4	0,7883	7,008	0,9071	11,2752	135,9495263
29/08/2024	0,03927	10,4	0,8279	7,05	0,9071	11,2643	136,0029137
30/08/2024	0,03927	10,4	0,8675	7,092	0,9071	11,2534	136,056322
02/09/2024	0,03927	10,4	0,0393	7,1341	0,8279	11,1881	136,1097514
03/09/2024	0,03927	10,4	0,0786	7,1761	0,8675	11,2317	136,1632016
04/09/2024	0,03927	10,4	0,1179	7,2182	0,9071	11,2209	136,2166729
05/09/2024	0,03927	10,4	0,1572	7,2603	0,9071	11,21	136,2701652
06/09/2024	0,03927	10,4	0,1965	7,3025	0,9071	11,1991	136,3236785
09/09/2024	0,03927	10,4	0,2358	7,3446	0,8279	11,1883	136,3772128
10/09/2024	0,03927	10,4	0,2752	7,3868	0,8675	11,1774	136,4307682
11/09/2024	0,03927	10,4	0,3146	7,4289	0,9071	11,1666	136,4843445
12/09/2024	0,03927	10,4	0,354	7,4711	0,9071	11,1557	136,5379419
13/09/2024	0,03927	10,4	0,3934	7,5133	0,9071	11,1449	136,5915604
16/09/2024	0,03927	10,4	0,4328	7,5555	0,8279	11,134	136,6451999
17/09/2024	0,03927	10,4	0,4723	7,5978	0,8675	11,1232	136,6988605
18/09/2024	0,03927	10,4	0,5117	7,64	0,9071	11,1123	136,7525421
19/09/2024	0,040168	10,65	0,5521	7,6833	0,908	11,1025	136,8074729
20/09/2024	0,040168	10,65	0,5925	7,7265	0,9089	11,0946	136,8624257
23/09/2024	0,040168	10,65	0,6329	7,7698	0,8306	11,0867	136,9174006
24/09/2024	0,040168	10,65	0,6733	7,8131	0,8711	11,0788	136,9723976
25/09/2024	0,040168	10,65	0,7137	7,8564	0,9116	11,0709	137,0274166
26/09/2024	0,040168	10,65	0,7542	7,8997	0,9125	11,063	137,0824578
27/09/2024	0,040168	10,65	0,7947	7,943	0,9135	11,0551	137,1375211
30/09/2024	0,040168	10,65	0,8351	7,9864	0,8351	11,0472	137,1926065
01/10/2024	0,040168	10,65	0,0402	8,0298	0,8361	11,0918	137,247714
02/10/2024	0,040168	10,65	0,0804	8,0732	0,8766	11,0839	137,3028437
03/10/2024	0,040168	10,65	0,1206	8,1166	0,8775	11,076	137,3579955
04/10/2024	0,040168	10,65	0,1608	8,16	0,8784	11,0681	137,4131694
07/10/2024	0,040168	10,65	0,201	8,2035	0,8397	11,0077	137,4683656
08/10/2024	0,040168	10,65	0,2412	8,2469	0,8802	11,0523	137,5235839
09/10/2024	0,040168	10,65	0,2815	8,2904	0,8811	11,0444	137,5788243
10/10/2024	0,040168	10,65	0,3218	8,3339	0,882	11,0365	137,634087
11/10/2024	0,040168	10,65	0,3621	8,3774	0,8829	11,0286	137,6893719
14/10/2024	0,040168	10,65	0,4024	8,4209	0,8442	11,0208	137,7446789
15/10/2024	0,040168	10,65	0,4427	8,4645	0,8847	11,0653	137,8000082
16/10/2024	0,040168	10,65	0,4831	8,5081	0,8856	11,0575	137,8553597
17/10/2024	0,040168	10,65	0,5234	8,5516	0,8865	11,0496	137,9107334
18/10/2024	0,040168	10,65	0,5638	8,5952	0,8874	11,0417	137,9661294
21/10/2024	0,040168	10,65	0,6042	8,6389	0,8469	10,9813	138,0215477
22/10/2024	0,040168	10,65	0,6446	8,6825	0,8874	11,0259	138,0769882
23/10/2024	0,040168	10,65	0,685	8,7262	0,8874	11,018	138,1324509
24/10/2024	0,040168	10,65	0,7255	8,7698	0,8874	11,0101	138,187936
25/10/2024	0,040168	10,65	0,7659	8,8135	0,8874	11,0022	138,2434433
28/10/2024	0,040168	10,65	0,8064	8,8572	0,8469	10,9419	138,2989729
29/10/2024	0,040168	10,65	0,8469	8,901	0,8874	10,9864	138,3545249
30/10/2024	0,040168	10,65	0,8874	8,9447	0,8874	10,9785	138,4100991
31/10/2024	0,040168	10,65	0,9279	8,9885	0,9279	10,9706	138,4656957
01/11/2024	0,040168	10,65	0,0402	9,0322	0,9279	10,9628	138,5213146
04/11/2024	0,040168	10,65	0,0804	9,076	0,8469	10,9568	138,5769558
05/11/2024	0,040168	10,65	0,1206	9,1198	0,8874	11,0014	138,6326194
06/11/2024	0,040168	10,65	0,1608	9,1637	0,9279	10,9955	138,6883054
07/11/2024	0,041957	11,15	0,2448	9,2553	0,9316	10,9876	138,7464948
08/11/2024	0,041957	11,15	0,2028	9,2095	0,9298	10,9915	138,8047087
11/11/2024	0,041957	11,15	0,2869	9,3011	0,8523	10,9331	138,862947
12/11/2024	0,041957	11,15	0,329	9,347	0,8946	10,9797	138,9212097
13/11/2024	0,041957	11,15	0,3711	9,3929	0,937	10,9757	138,9794969
14/11/2024	0,041957	11,15	0,4132	9,4388	0,9388	10,9718	139,0378085
18/11/2024	0,041957	11,15	0,4553	9,4847	0,819	10,9174	139,0961446
19/11/2024	0,041957	11,15	0,4975	9,5306	0,8614	10,9639	139,1545052
21/11/2024	0,041957	11,15	0,5396	9,5766	0,8632	10,9095	139,2128902
22/11/2024	0,041957	11,15	0,5818	9,6226	0,865	10,9055	139,2712998
25/11/2024	0,041957	11,15	0,624	9,6686	0,7858	10,8512	139,3297338
26/11/2024	0,041957	11,15	0,6662	9,7146	0,8281	10,8977	139,3881924
27/11/2024	0,041957	11,15	0,7085	9,7606	0,8704	10,8937	139,4466755
28/11/2024	0,041957	11,15	0,7507	9,8067	0,8722	10,8898	139,5051831
29/11/2024	0,041957	11,15	0,793	9,8527	0,874	10,8858	139,5637153
02/12/2024	0,041957	11,15	0,042	9,8988	0,7948	10,8315	139,6222721
03/12/2024	0,041957	11,15	0,0839	9,9449	0,8776	10,878	139,6808534
04/12/2024	0,041957	11,15	0,1259	9,9911	0,8389	10,874	139,7394593
05/12/2024	0,041957	11,15	0,1679	10,0372	0,8407	10,8701	139,7980898
06/12/2024	0,041957	11,15	0,21	10,0834	0,8425	10,8661	139,8567449
09/12/2024	0,041957	11,15	0,252	10,1296	0,8002	10,8118	139,9154246
10/12/2024	0,041957	11,15	0,2941	10,1758	0,8425	10,8583	139,9741289
11/12/2024	0,041957	11,15	0,3362	10,222	0,8425	10,8543	140,0328578
12/12/2024	0,045513	12,15	0,3818	10,2722	0,8461	10,8543	140,096591
13/12/2024	0,045513	12,15	0,4275	10,3224	0,8497	10,8543	140,1603531
16/12/2024	0,045513	12,15	0,4732	10,3726	0,8533	10,8078	140,2241443
17/12/2024	0,045513	12,15	0,5189	10,4228	0,8992	10,8582	140,2879645
18/12/2024	0,045513	12,15	0,5647	10,4731	0,9027	10,8602	140,3518138
19/12/2024	0,045513	12,15	0,6105	10,5233	0,9063	10,8622	140,4156921
20/12/2024	0,045513	12,15	0,6563	10,5736	0,9523	10,8641	140,4795995
23/12/2024	0,045513	12,15	0,7021	10,624	0,9135	10,8176	140,543536
24/12/2024	0,045513	12,15	0,7479	10,6743	0,9594	10,8681	140,6075016
26/12/2024	0,045513	12,15	0,7938	10,7247	0,9207	10,87	140,6714963
27/12/2024	0,045513	12,15	0,8396	10,7751	0,9243	10,872	140,7355201
30/12/2024	0,045513	12,15	0,8855	10,8255	0,8855	10,8255	140,799573
31/12/2024	0,045513	12,15	0,9314	10,8759	0,9314	10,8759	140,8636551
02/01/2025	0,045513	12,15	0,0455	0,0455	0,935	10,8779	140,9277664
03/01/2025	0,045513	12,15	0,091	0,091	0,9386	10,8799	140,9919069
06/01/2025	0,045513	12,15	0,1366	0,1366	0,8575	10,8334	141,0560765
07/01/2025	0,045513	12,15	0,1822	0,1822	0,9035	10,8838	141,1202754
08/01/2025	0,045513	12,15	0,2278	0,2278	0,9494	10,8858	141,1845034
09/01/2025	0,045513	12,15	0,2734	0,2734	0,953	10,8877	141,2487607
10/01/2025	0,045513	12,15	0,319	0,319	0,9566	10,8897	141,3130473
13/01/2025	0,045513	12,15	0,3647	0,3647	0,8683	10,8432	141,3773631
14/01/2025	0,045513	12,15	0,4104	0,4104	0,9142	10,8936	141,4417082
15/01/2025	0,045513	12,15	0,4561	0,4561	0,9601	10,8956	141,5060825
16/01/2025	0,045513	12,15	0,5018	0,5018	0,9601	10,8976	141,5704862
17/01/2025	0,045513	12,15	0,5475	0,5475	0,9601	10,8995	141,6349192
20/01/2025	0,045513	12,15	0,5933	0,5933	0,8683	10,853	141,6993815
21/01/2025	0,045513	12,15	0,6391	0,6391	0,9142	10,9035	141,7638731
22/01/2025	0,045513	12,15	0,6849	0,6849	0,9601	10,9054	141,8283941
23/01/2025	0,045513	12,15	0,7307	0,7307	0,9601	10,9074	141,8929445
24/01/2025	0,045513	12,15	0,7765	0,7765	0,9601	10,9094	141,9575242
27/01/2025	0,045513	12,15	0,8224	0,8224	0,9142	10,8628	142,0221333
28/01/2025	0,045513	12,15	0,8683	0,8683	0,9601	10,9133	142,0867719
29/01/2025	0,045513	12,15	0,9142	0,9142	1,0061	10,9153	142,1514398
30/01/2025	0,049037	13,15	0,9637	0,9637	1,0096	10,9211	142,2211466
31/01/2025	0,049037	13,15	1,0132	1,0132	1,0132	10,927	142,2908876
03/02/2025	0,049037	13,15	0,049	1,0627	0,9708	10,8883	142,3606628
04/02/2025	0,049037	13,15	0,0981	1,1123	1,0203	10,9427	142,4304722
05/02/2025	0,049037	13,15	0,1472	1,1619	1,0699	10,9506	142,5003158
06/02/2025	0,049037	13,15	0,1963	1,2115	1,0734	10,9584	142,5701937
07/02/2025	0,049037	13,15	0,2454	1,2611	1,077	10,9663	142,6401058
10/02/2025	0,049037	13,15	0,2946	1,3108	0,9886	10,9276	142,7100523
11/02/2025	0,049037	13,15	0,3438	1,3605	1,0381	10,982	142,780033
12/02/2025	0,049037	13,15	0,393	1,4102	1,0877	11,0364	142,850048
13/02/2025	0,049037	13,15	0,4422	1,4599	1,0912	11,0909	142,9200974
14/02/2025	0,049037	13,15	0,4915	1,5096	1,0948	11,0987	142,9901812
17/02/2025	0,049037	13,15	0,5407	1,5594	1,0064	11,06	143,0602992
18/02/2025	0,049037	13,15	0,59	1,6092	1,0559	11,1144	143,1304517
19/02/2025	0,049037	13,15	0,6394	1,6591	1,1055	11,1223	143,2006386
20/02/2025	0,049037	13,15	0,6887	1,7089	1,109	11,1302	143,2708599
21/02/2025	0,049037	13,15	0,7381	1,7588	1,1126	11,138	143,3411156
24/02/2025	0,049037	13,15	0,7875	1,8087	1,0242	11,0993	143,4114058
25/02/2025	0,049037	13,15	0,8369	1,8586	1,0737	11,1538	143,4817305
26/02/2025	0,049037	13,15	0,8864	1,9085	1,1233	11,1616	143,5520896
27/02/2025	0,049037	13,15	0,9358	1,9585	1,1268	11,1695	143,6224832
28/02/2025	0,049037	13,15	0,9853	2,0085	1,1304	11,1774	143,6929114
05/03/2025	0,049037	13,15	0,049	2,0585	0,8864	11,0454	143,7633741
06/03/2025	0,049037	13,15	0,0981	2,1086	0,8864	11,0533	143,8338713
07/03/2025	0,049037	13,15	0,1472	2,1587	0,8864	11,0611	143,9044032
10/03/2025	0,049037	13,15	0,1963	2,2088	0,8864	11,069	143,9749696
11/03/2025	0,049037	13,15	0,2454	2,2589	0,8864	11,0768	144,0455706
12/03/2025	0,049037	13,15	0,2946	2,309	0,8864	11,0847	144,1162062
13/03/2025	0,049037	13,15	0,3438	2,3592	0,8864	11,0926	144,1868765
14/03/2025	0,049037	13,15	0,393	2,4094	0,8864	11,1004	144,2575814
17/03/2025	0,049037	13,15	0,4422	2,4596	0,8864	11,1083	144,328321
18/03/2025	0,049037	13,15	0,4915	2,5099	0,8864	11,1161	144,3990952
19/03/2025	0,049037	13,15	0,5407	2,5601	0,8864	11,124	144,4699042
20/03/2025	0,052531	14,15	0,5936	2,614	0,8899	11,1358	144,5457957
21/03/2025	0,052531	14,15	0,6464	2,6679	0,8934	11,1495	144,6217271
24/03/2025	0,052531	14,15	0,6993	2,7218	0,8969	11,1632	144,6976983
25/03/2025	0,052531	14,15	0,7522	2,7758	0,9005	11,177	144,7737095
26/03/2025	0,052531	14,15	0,8051	2,8298	0,904	11,1907	144,8497605
27/03/2025	0,052531	14,15	0,858	2,8838	0,9075	11,2044	144,9258516
28/03/2025	0,052531	14,15	0,911	2,9378	0,911	11,2182	145,0019826
31/03/2025	0,052531	14,15	0,964	2,9919	0,964	11,2766	145,0781535
01/04/2025	0,052531	14,15	0,0525	3,046	1,0171	11,2904	145,1543646
02/04/2025	0,052531	14,15	0,1051	3,1002	1,0701	11,3041	145,2306156
03/04/2025	0,052531	14,15	0,1577	3,1543	1,1232	11,3179	145,3069067
04/04/2025	0,052531	14,15	0,2103	3,2085	1,1764	11,3316	145,3832379
07/04/2025	0,052531	14,15	0,2629	3,2627	1,0807	11,3454	145,4596091
08/04/2025	0,052531	14,15	0,3156	3,317	1,1338	11,3592	145,5360205
09/04/2025	0,052531	14,15	0,3683	3,3712	1,1869	11,3729	145,612472
10/04/2025	0,052531	14,15	0,421	3,4255	1,1905	11,3867	145,6889637
11/04/2025	0,052531	14,15	0,4738	3,4799	1,194	11,4004	145,7654956
14/04/2025	0,052531	14,15	0,5266	3,5342	1,0984	11,4142	145,8420677
15/04/2025	0,052531	14,15	0,5794	3,5886	1,1515	11,428	145,91868
16/04/2025	0,052531	14,15	0,6322	3,643	1,2046	11,4417	145,9953325
17/04/2025	0,052531	14,15	0,6851	3,6975	1,2082	11,4555	146,0720253
22/04/2025	0,052531	14,15	0,7379	3,7519	1,0559	11,3798	146,1487584
23/04/2025	0,052531	14,15	0,7909	3,8064	1,109	11,3936	146,2255318
24/04/2025	0,052531	14,15	0,8438	3,861	1,109	11,4073	146,3023456
25/04/2025	0,052531	14,15	0,8968	3,9155	1,109	11,4211	146,3791996
28/04/2025	0,052531	14,15	0,9498	3,9701	1,0028	11,4349	146,4560941
29/04/2025	0,052531	14,15	1,0028	4,0247	1,0559	11,4486	146,5330289
30/04/2025	0,052531	14,15	1,0559	4,0794	1,109	11,4624	146,6100042
02/05/2025	0,052531	14,15	0,0525	4,1341	1,0028	11,4762	146,6870199
05/05/2025	0,052531	14,15	0,1051	4,1888	0,9498	11,49	146,7640761
06/05/2025	0,052531	14,15	0,1577	4,2435	1,0028	11,5037	146,8411727
07/05/2025	0,052531	14,15	0,2103	4,2983	1,0028	11,5175	146,9183098
08/05/2025	0,054266	14,65	0,2647	4,3549	1,0046	11,5332	146,9980365
09/05/2025	0,054266	14,65	0,3191	4,4115	1,0063	11,55	147,0778065
12/05/2025	0,054266	14,65	0,3735	4,4681	0,955	11,5667	147,1576197
13/05/2025	0,054266	14,65	0,428	4,5248	1,0098	11,5834	147,2374763
14/05/2025	0,054266	14,65	0,4825	4,5816	1,0116	11,6001	147,3173762
15/05/2025	0,054266	14,65	0,537	4,6383	1,0133	11,6169	147,3973194
16/05/2025	0,054266	14,65	0,5916	4,6951	1,0151	11,6336	147,477306
19/05/2025	0,054266	14,65	0,6462	4,7519	1,0168	11,6503	147,5573361
20/05/2025	0,054266	14,65	0,7008	4,8088	1,0717	11,6671	147,6374095
21/05/2025	0,054266	14,65	0,7554	4,8656	1,1265	11,6838	147,7175265
22/05/2025	0,054266	14,65	0,8101	4,9225	1,1283	11,7006	147,7976869
23/05/2025	0,054266	14,65	0,8648	4,9795	1,13	11,7173	147,8778907
26/05/2025	0,054266	14,65	0,9195	5,0364	1,0787	11,734	147,9581382
27/05/2025	0,054266	14,65	0,9743	5,0934	1,1335	11,7508	148,0384291
28/05/2025	0,054266	14,65	1,0291	5,1505	1,1353	11,7675	148,1187637
29/05/2025	0,054266	14,65	1,0839	5,2075	1,137	11,7843	148,1991418
02/06/2025	0,054266	14,65	0,0543	5,3217	1,1405	11,8617	148,2795635
03/06/2025	0,054266	14,65	0,1086	5,3789	1,1954	11,8785	148,3600289
04/06/2025	0,054266	14,65	0,1629	5,4361	1,2503	11,8953	148,440538
05/06/2025	0,054266	14,65	0,2172	5,4933	1,2521	11,912	148,5210907
06/06/2025	0,054266	14,65	0,2716	5,5505	1,2538	11,9288	148,6016872
09/06/2025	0,054266	14,65	0,326	5,6078	1,1458	11,9456	148,6823274
10/06/2025	0,054266	14,65	0,3805	5,6651	1,2007	11,9624	148,7630113
11/06/2025	0,054266	14,65	0,435	5,7225	1,2556	11,9792	148,8437391
12/06/2025	0,054266	14,65	0,4895	5,7798	1,2556	11,9959	148,9245106
13/06/2025	0,054266	14,65	0,544	5,8373	1,2556	12,0127	149,005326
16/06/2025	0,054266	14,65	0,5986	5,8947	1,1458	12,0295	149,0861852
17/06/2025	0,054266	14,65	0,6531	5,9521	1,2007	12,0463	149,1670883
18/06/2025	0,054266	14,65	0,7078	6,0096	1,2556	12,0631	149,2480353
20/06/2025	0,055131	14,9	0,7633	6,0681	1,2016	12,0369	149,3303173
23/06/2025	0,055131	14,9	0,8188	6,1266	1,0927	12,0547	149,4126446
24/06/2025	0,055131	14,9	0,8744	6,1851	1,1484	12,0724	149,4950172
25/06/2025	0,055131	14,9	0,93	6,2436	1,2042	12,0902	149,5774353
26/06/2025	0,055131	14,9	0,9857	6,3022	1,2051	12,108	149,6598989
27/06/2025	0,055131	14,9	1,0413	6,3608	1,2059	12,1257	149,7424079
30/06/2025	0,055131	14,9	1,0971	6,4194	1,0971	12,1435	149,8249624
01/07/2025	0,055131	14,9	0,0551	6,4781	1,1528	12,1613	149,9075624
02/07/2025	0,055131	14,9	0,1103	6,5368	1,1537	12,1791	149,9902079
03/07/2025	0,055131	14,9	0,1655	6,5955	1,1545	12,1969	150,072899
04/07/2025	0,055131	14,9	0,2207	6,6543	1,1554	12,2147	150,1556357
07/07/2025	0,055131	14,9	0,276	6,7131	1,1014	12,2324	150,238418
08/07/2025	0,055131	14,9	0,3312	6,7719	1,1572	12,2502	150,3212459
09/07/2025	0,055131	14,9	0,3866	6,8308	1,158	12,268	150,4041195
10/07/2025	0,055131	14,9	0,4419	6,8897	1,1589	12,2858	150,4870388
11/07/2025	0,055131	14,9	0,4973	6,9486	1,1598	12,3036	150,5700038
14/07/2025	0,055131	14,9	0,5527	7,0076	1,1058	12,3215	150,6530146
15/07/2025	0,055131	14,9	0,6081	7,0666	1,1615	12,3393	150,7360711
16/07/2025	0,055131	14,9	0,6636	7,1256	1,1624	12,3571	150,8191734
17/07/2025	0,055131	14,9	0,7191	7,1847	1,1633	12,3749	150,9023215
18/07/2025	0,055131	14,9	0,7746	7,2438	1,1642	12,3927	150,9855155
21/07/2025	0,055131	14,9	0,8302	7,3029	1,1642	12,4105	151,0687553
22/07/2025	0,055131	14,9	0,8858	7,362	1,2199	12,4283	151,152041
23/07/2025	0,055131	14,9	0,9414	7,4212	1,2199	12,4462	151,2353727
24/07/2025	0,055131	14,9	0,997	7,4805	1,2199	12,464	151,3187502
25/07/2025	0,055131	14,9	1,0527	7,5397	1,2199	12,4818	151,4021738
28/07/2025	0,055131	14,9	1,1084	7,599	1,1642	12,4997	151,4856433
29/07/2025	0,055131	14,9	1,1642	7,6583	1,2199	12,5175	151,5691589
30/07/2025	0,055131	14,9	1,2199	7,7177	1,2199	12,5353	151,6527205
31/07/2025	0,055131	14,9	1,2757	7,7771	1,2757	12,5532	151,7363281
01/08/2025	0,055131	14,9	0,0551	7,8365	1,2757	12,571	151,8199819
04/08/2025	0,055131	14,9	0,1103	7,8959	1,1642	12,5889	151,9036817
05/08/2025	0,055131	14,9	0,1655	7,9554	1,2199	12,6067	151,9874278
06/08/2025	0,055131	14,9	0,2207	8,0149	1,2757	12,6246	152,0712199
07/08/2025	0,055131	14,9	0,276	8,0745	1,2757	12,6424	152,1550583
08/08/2025	0,055131	14,9	0,3312	8,1341	1,2757	12,6603	152,2389429
11/08/2025	0,055131	14,9	0,3866	8,1937	1,1642	12,6782	152,3228738
12/08/2025	0,055131	14,9	0,4419	8,2533	1,2199	12,696	152,4068509
13/08/2025	0,055131	14,9	0,4973	8,313	1,2757	12,7139	152,4908743
14/08/2025	0,055131	14,9	0,5527	8,3727	1,2757	12,7318	152,5749441
15/08/2025	0,055131	14,9	0,6081	8,4325	1,2757	12,7496	152,6590602
18/08/2025	0,055131	14,9	0,6636	8,4923	1,1642	12,7675	152,7432226
19/08/2025	0,055131	14,9	0,7191	8,5521	1,2199	12,7854	152,8274315
20/08/2025	0,055131	14,9	0,7746	8,6119	1,2757	12,8033	152,9116868
21/08/2025	0,055131	14,9	0,8302	8,6718	1,2757	12,8212	152,9959885
22/08/2025	0,055131	14,9	0,8858	8,7317	1,2757	12,8391	153,0803368
25/08/2025	0,055131	14,9	0,9414	8,7916	1,1642	12,8569	153,1647315
26/08/2025	0,055131	14,9	0,997	8,8516	1,2199	12,8748	153,2491727
27/08/2025	0,055131	14,9	1,0527	8,9116	1,2757	12,8927	153,3336605
28/08/2025	0,055131	14,9	1,1084	8,9717	1,2757	12,9106	153,4181949
29/08/2025	0,055131	14,9	1,1642	9,0318	1,2757	12,9285	153,5027759
01/09/2025	0,055131	14,9	0,0551	9,0919	1,1642	12,9464	153,5874035
02/09/2025	0,055131	14,9	0,1103	9,152	1,2199	12,9644	153,6720778
03/09/2025	0,055131	14,9	0,1655	9,2122	1,2757	12,9823	153,7567987
04/09/2025	0,055131	14,9	0,2207	9,2724	1,2757	13,0002	153,8415664
05/09/2025	0,055131	14,9	0,276	9,3326	1,2757	13,0181	153,9263808
08/09/2025	0,055131	14,9	0,3312	9,3929	1,1642	13,036	154,0112419
09/09/2025	0,055131	14,9	0,3866	9,4532	1,2199	13,0539	154,0961499
10/09/2025	0,055131	14,9	0,4419	9,5136	1,2757	13,0719	154,1811046
11/09/2025	0,055131	14,9	0,4973	9,5739	1,2757	13,0898	154,2661062
12/09/2025	0,055131	14,9	0,5527	9,6344	1,2757	13,1077	154,3511547
15/09/2025	0,055131	14,9	0,6081	9,6948	1,1642	13,1256	154,43625
16/09/2025	0,055131	14,9	0,6636	9,7553	1,2199	13,1436	154,5213922
17/09/2025	0,055131	14,9	0,7191	9,8158	1,2757	13,1615	154,6065814
18/09/2025	0,055131	14,9	0,7746	9,8763	1,2757	13,1795	154,6918176
19/09/2025	0,055131	14,9	0,8302	9,9369	1,2757	13,1964	154,7771007
22/09/2025	0,055131	14,9	0,8858	9,9975	1,1642	13,2133	154,8624309
23/09/2025	0,055131	14,9	0,9414	10,0582	1,2199	13,2303	154,9478081
24/09/2025	0,055131	14,9	0,997	10,1188	1,2757	13,2472	155,0332324
25/09/2025	0,055131	14,9	1,0527	10,1795	1,2757	13,2641	155,1187037
26/09/2025	0,055131	14,9	1,1084	10,2403	1,2757	13,2811	155,2042222
29/09/2025	0,055131	14,9	1,1642	10,3011	1,1642	13,298	155,2897879
30/09/2025	0,055131	14,9	1,2199	10,3619	1,2199	13,315	155,3754007
01/10/2025	0,055131	14,9	0,0551	10,4227	1,2199	13,3319	155,4610607
02/10/2025	0,055131	14,9	0,1103	10,4836	1,2199	13,3489	155,5467679
03/10/2025	0,055131	14,9	0,1655	10,5445	1,2199	13,3658	155,6325224
06/10/2025	0,055131	14,9	0,2207	10,6054	1,1642	13,3828	155,7183242
07/10/2025	0,055131	14,9	0,276	10,6664	1,1642	13,3997	155,8041733
08/10/2025	0,055131	14,9	0,3312	10,7274	1,2199	13,4167	155,8900697
09/10/2025	0,055131	14,9	0,3866	10,7885	1,2199	13,4337	155,9760134
10/10/2025	0,055131	14,9	0,4419	10,8496	1,2199	13,4506	156,0620046
13/10/2025	0,055131	14,9	0,4973	10,9107	1,1642	13,4676	156,1480431
14/10/2025	0,055131	14,9	0,5527	10,9718	1,2199	13,4846	156,2341291
15/10/2025	0,055131	14,9	0,6081	11,033	1,2199	13,5015	156,3202625
16/10/2025	0,055131	14,9	0,6636	11,0942	1,2199	13,5185	156,4064434
17/10/2025	0,055131	14,9	0,7191	11,1555	1,2199	13,5355	156,4926719
20/10/2025	0,055131	14,9	0,7746	11,2167	1,1642	13,5525	156,5789478
21/10/2025	0,055131	14,9	0,8302	11,2781	1,2199	13,5695	156,6652714
22/10/2025	0,055131	14,9	0,8858	11,3394	1,2199	13,5865	156,7516425
23/10/2025	0,055131	14,9	0,9414	11,4008	1,2199	13,6034	156,8380613
24/10/2025	0,055131	14,9	0,997	11,4622	1,2199	13,6204	156,9245277
27/10/2025	0,055131	14,9	1,0527	11,5237	1,1642	13,6374	157,0110417
28/10/2025	0,055131	14,9	1,1084	11,5851	1,2199	13,6544	157,0976035
29/10/2025	0,055131	14,9	1,1642	11,6467	1,2199	13,6714	157,184213
30/10/2025	0,055131	14,9	1,2199	11,7082	1,2199	13,6884	157,2708702
31/10/2025	0,055131	14,9	1,2757	11,7698	1,2757	13,7054	157,3575752
03/11/2025	0,055131	14,9	0,0551	11,8314	1,1642	13,7224	157,444328
04/11/2025	0,055131	14,9	0,1103	11,8931	1,2199	13,7395	157,5311286
05/11/2025	0,055131	14,9	0,1655	11,9548	1,2757	13,7565	157,6179771
06/11/2025	0,055131	14,9	0,2207	12,0165	1,2757	13,7735	157,7048735
07/11/2025	0,055131	14,9	0,276	12,0782	1,2757	13,7885	157,7918178
10/11/2025	0,055131	14,9	0,3312	12,14	1,1642	13,8035	157,87881
11/11/2025	0,055131	14,9	0,3866	12,2018	1,2199	13,8184	157,9658501
12/11/2025	0,055131	14,9	0,4419	12,2637	1,2757	13,8334	158,0529383
13/11/2025	0,055131	14,9	0,4973	12,3256	1,2757	13,8484	158,1400744
14/11/2025	0,055131	14,9	0,5527	12,3875	1,2757	13,8634	158,2272587
17/11/2025	0,055131	14,9	0,6081	12,4495	1,1642	13,9262	158,3144909
18/11/2025	0,055131	14,9	0,6636	12,5115	1,2199	13,9412	158,4017713
19/11/2025	0,055131	14,9	0,7191	12,5735	1,2757	13,9562	158,4890998
21/11/2025	0,055131	14,9	0,7746	12,6356	1,2199	13,9712	158,5764764
24/11/2025	0,055131	14,9	0,8302	12,6977	1,1084	13,9862	158,6639012
25/11/2025	0,055131	14,9	0,8858	12,7598	1,1642	14,0012	158,7513742
26/11/2025	0,055131	14,9	0,9414	12,822	1,2199	14,0162	158,8388954
27/11/2025	0,055131	14,9	0,997	12,8842	1,2199	14,0312	158,9264649
28/11/2025	0,055131	14,9	1,0527	12,9464	1,2199	14,0463	159,0140826
01/12/2025	0,055131	14,9	0,0551	13,0087	1,1084	14,0613	159,1017487
02/12/2025	0,055131	14,9	0,1103	13,071	1,1642	14,0763	159,1894631
03/12/2025	0,055131	14,9	0,1655	13,1333	1,1642	14,0913	159,2772258
04/12/2025	0,055131	14,9	0,2207	13,1957	1,1642	14,1063	159,3650369
05/12/2025	0,055131	14,9	0,276	13,2581	1,1642	14,1214	159,4528965
08/12/2025	0,055131	14,9	0,3312	13,3205	1,1642	14,1364	159,5408044
09/12/2025	0,055131	14,9	0,3866	13,383	1,1642	14,1514	159,6287609
10/12/2025	0,055131	14,9	0,4419	13,4455	1,1642	14,1664	159,7167658
11/12/2025	0,055131	14,9	0,4973	13,5081	1,1642	14,1815	159,8048193
12/12/2025	0,055131	14,9	0,5527	13,5706	1,1642	14,1925	159,8929213
15/12/2025	0,055131	14,9	0,6081	13,6332	1,1084	14,2034	159,9810718
16/12/2025	0,055131	14,9	0,6636	13,6959	1,1642	14,2144	160,069271
17/12/2025	0,055131	14,9	0,7191	13,7586	1,1642	14,2254	160,1575188
18/12/2025	0,055131	14,9	0,7746	13,8213	1,1642	14,2364	160,2458152
19/12/2025	0,055131	14,9	0,8302	13,884	1,1642	14,2474	160,3341603
22/12/2025	0,055131	14,9	0,8858	13,9468	1,1642	14,2583	160,4225542
23/12/2025	0,055131	14,9	0,9414	14,0096	1,2199	14,2693	160,5109967
24/12/2025	0,055131	14,9	0,997	14,0725	1,2199	14,2803	160,599488
26/12/2025	0,055131	14,9	1,0527	14,1354	1,1642	14,2913	160,6880282
29/12/2025	0,055131	14,9	1,1084	14,1983	1,1642	14,3023	160,7766171
30/12/2025	0,055131	14,9	1,1642	14,2613	1,1642	14,3133	160,8652548
31/12/2025	0,055131	14,9	1,2199	14,3243	1,1642	14,3243	160,9539415
02/01/2026	0,055131	14,9	0,0551	0,0551	1,1642	14,3353	161,042677
05/01/2026	0,055131	14,9	0,1103	0,1103	1,0527	14,3462	161,1314614
06/01/2026	0,055131	14,9	0,1655	0,1655	1,1084	14,3572	161,2202948
07/01/2026	0,055131	14,9	0,2207	0,2207	1,1642	14,3682	161,3091772
08/01/2026	0,055131	14,9	0,276	0,276	1,1642	14,3792	161,3981085
09/01/2026	0,055131	14,9	0,3312	0,3312	1,1642	14,3902	161,4870889
12/01/2026	0,055131	14,9	0,3866	0,3866	1,0527	14,4012	161,5761184
13/01/2026	0,055131	14,9	0,4419	0,4419	1,1084	14,4122	161,6651969
14/01/2026	0,055131	14,9	0,4973	0,4973	1,1642	14,4232	161,7543245
15/01/2026	0,055131	14,9	0,5527	0,5527	1,1642	14,4342	161,8435013
16/01/2026	0,055131	14,9	0,6081	0,6081	1,1642	14,4452	161,9327272
19/01/2026	0,055131	14,9	0,6636	0,6636	1,0527	14,4562	162,0220024
20/01/2026	0,055131	14,9	0,7191	0,7191	1,1084	14,4672	162,1113267
21/01/2026	0,055131	14,9	0,7746	0,7746	1,1642	14,4782	162,2007003
22/01/2026	0,055131	14,9	0,8302	0,8302	1,1642	14,4892	162,2901232
23/01/2026	0,055131	14,9	0,8858	0,8858	1,1642	14,5002	162,3795954
26/01/2026	0,055131	14,9	0,9414	0,9414	1,1084	14,5112	162,4691168
27/01/2026	0,055131	14,9	0,997	0,997	1,1642	14,5223	162,5586877
28/01/2026	0,055131	14,9	1,0527	1,0527	1,2199	14,5333	162,6483079
29/01/2026	0,055131	14,9	1,1084	1,1084	1,2199	14,5443	162,7379776
30/01/2026	0,055131	14,9	1,1642	1,1642	1,2199	14,5513	162,8276966
02/02/2026	0,055131	14,9	0,0551	1,2199	1,1642	14,5582	162,9174652
03/02/2026	0,055131	14,9	0,1103	1,2757	1,2199	14,5652	163,0072832
04/02/2026	0,055131	14,9	0,1655	1,3316	1,2757	14,5722	163,0971508
05/02/2026	0,055131	14,9	0,2207	1,3874	1,2757	14,5792	163,1870678
06/02/2026	0,055131	14,9	0,276	1,4433	1,2757	14,5861	163,2770345
09/02/2026	0,055131	14,9	0,3312	1,4993	1,2757	14,5931	163,3670508
10/02/2026	0,055131	14,9	0,3866	1,5552	1,2199	14,6001	163,4571167
11/02/2026	0,055131	14,9	0,4419	1,6112	1,2199	14,6071	163,5472322
12/02/2026	0,055131	14,9	0,4973	1,6672	1,2757	14,6141	163,6373974
13/02/2026	0,055131	14,9	0,5527	1,7233	1,2757	14,621	163,7276124
18/02/2026	0,055131	14,9	0,6081	1,7794	1,1642	14,5157	163,817877
19/02/2026	0,055131	14,9	0,6636	1,8355	1,1642	14,5227	163,9081915
20/02/2026	0,055131	14,9	0,7191	1,8916	1,1642	14,5296	163,9985557
23/02/2026	0,055131	14,9	0,7746	1,9478	1,0527	14,5366	164,0889697
24/02/2026	0,055131	14,9	0,8302	2,004	1,1084	14,5436	164,1794336
25/02/2026	0,055131	14,9	0,8858	2,0602	1,1642	14,5506	164,2699474
26/02/2026	0,055131	14,9	0,9414	2,1165	1,1642	14,5575	164,360511
27/02/2026	0,055131	14,9	0,997	2,1728	1,1642	14,5645	164,4511246
02/03/2026	0,055131	14,9	0,0551	2,2291	0,997	14,5715	164,5417882
03/03/2026	0,055131	14,9	0,1103	2,2855	0,997	14,6347	164,6325017
04/03/2026	0,055131	14,9	0,1655	2,3419	0,997	14,6979	164,7232653
05/03/2026	0,055131	14,9	0,2207	2,3983	0,997	14,7048	164,8140789
06/03/2026	0,055131	14,9	0,276	2,4547	0,9414	14,7118	164,9049425
09/03/2026	0,055131	14,9	0,3312	2,5112	0,997	14,7188	164,9958562
10/03/2026	0,055131	14,9	0,3866	2,5677	0,997	14,7258	165,0868201
11/03/2026	0,055131	14,9	0,4419	2,6243	0,997	14,7328	165,1778341
12/03/2026	0,055131	14,9	0,4973	2,6809	0,997	14,7398	165,2688983
13/03/2026	0,055131	14,9	0,5527	2,7375	0,997	14,7468	165,3600127
16/03/2026	0,055131	14,9	0,6081	2,7941	1,0527	14,7538	165,4511773
17/03/2026	0,055131	14,9	0,6636	2,8508	1,1084	14,7607	165,5423922
18/03/2026	0,055131	14,9	0,7191	2,9075	1,1084	14,7677	165,6336574
19/03/2026	0,054266	14,65	0,7737	2,9633	1,1075	14,7737	165,7235402
20/03/2026	0,054266	14,65	0,8284	3,0192	1,1067	14,7757	165,8134717
23/03/2026	0,054266	14,65	0,8831	3,0751	1,1058	14,7777	165,903452
24/03/2026	0,054266	14,65	0,9379	3,131	1,1049	14,7797	165,9934812
25/03/2026	0,054266	14,65	0,9927	3,187	1,104	14,7817	166,0835592
26/03/2026	0,054266	14,65	1,0475	3,243	1,1032	14,7837	166,1736861
27/03/2026	0,054266	14,65	1,1023	3,299	1,1023	14,7857	166,2638619
30/03/2026	0,054266	14,65	1,1572	3,3551	1,1572	14,7877	166,3540867
31/03/2026	0,054266	14,65	1,2121	3,4112	1,2121	14,7897	166,4443604
01/04/2026	0,054266	14,65	0,0543	3,4673	1,267	14,7916	166,5346831
02/04/2026	0,054266	14,65	0,1086	3,5234	1,2661	14,7936	166,6250548
06/04/2026	0,054266	14,65	0,1629	3,5796	1,0979	14,7354	166,7154756
07/04/2026	0,054266	14,65	0,2172	3,6358	1,1528	14,7373	166,8059454
08/04/2026	0,054266	14,65	0,2716	3,6921	1,2077	14,7393	166,8964643
08/04/2026	0,054266	14,65	0,2716	3,6921	1,2077	14,7393	166,9870323
09/04/2026	0,054266	14,65	0,326	3,7483	1,2068	14,7413	167,0776495
10/04/2026	0,054266	14,65	0,3805	3,8046	1,2059	14,7433	167,1683159
13/04/2026	0,054266	14,65	0,435	3,861	1,0936	14,7453	167,2590314
14/04/2026	0,054266	14,65	0,4895	3,9173	1,1484	14,7473	167,3497962
15/04/2026	0,054266	14,65	0,544	3,9737	1,2033	14,7493	167,4406103
16/04/2026	0,054266	14,65	0,5986	4,0301	1,2024	14,7513	167,5314736
17/04/2026	0,054266	14,65	0,6531	4,0866	1,2016	14,7533	167,6223862
20/04/2026	0,054266	14,65	0,7078	4,1431	1,0909	14,8155	167,7133482
22/04/2026	0,054266	14,65	0,7624	4,1996	1,1458	14,8175	167,8043595
23/04/2026	0,054266	14,65	0,8171	4,2561	1,1458	14,8195	167,8954202
24/04/2026	0,054266	14,65	0,8718	4,3127	1,1458	14,8215	167,9865303
27/04/2026	0,054266	14,65	0,9265	4,3693	1,0361	14,8235	168,0776899
